 protein  	   wPf  pVd  pDy  pMd  Yab  Db   V1   N1   Yn   HC1(gatekeeper)
 ATAD2_4qsp_A 1008 1013 1020 1029 1043 1052 1056 1059 1063 1074
 ATAD2_4qsq_A 1008 1013 1020 1029 1043 1052 1056 1059 1063 1074
 ATAD2_4qsr_A 1008 1013 1020 1029 1043 1052 1056 1059 1063 1074
 ATAD2_4qss_A 1008 1013 1020 1029 1043 1052 1056 1059 1063 1074
 ATAD2_4qst_A 1008 1013 1020 1029 1043 1052 1056 1059 1063 1074
 ATAD2_4qsu_A 1008 1013 1020 1029 1043 1052 1056 1059 1063 1074
 ATAD2_4qsv_A 1008 1013 1020 1029 1043 1052 1056 1059 1063 1074
 ATAD2_4qsw_A 1008 1013 1020 1029 1043 1052 1056 1059 1063 1074
 ATAD2_4qsx_A 1008 1013 1020 1029 1043 1052 1056 1059 1063 1074
 ATAD2_4qut_A 1008 1013 1020 1029 1043 1052 1056 1059 1063 1074
 ATAD2_4quu_A 1008 1013 1020 1029 1043 1052 1056 1059 1063 1074
 ATAD2_4tte_A 1008 1013 1020 1029 1043 1052 1056 1059 1063 1074
 ATAD2_4tu4_A 1008 1013 1020 1029 1043 1052 1056 1059 1063 1074
 ATAD2_4tyl_A 1008 1013 1020 1029 1043 1052 1056 1059 1063 1074
 ATAD2_4tz2_A 1008 1013 1020 1029 1043 1052 1056 1059 1063 1074 
 BAZ2B_3q2f_A 1888 1893 1900 1909 1923 1932 1936 1939 1943 1950
 BAZ2B_4cup_A 1888 1893 1900 1909 1923 1932 1936 1939 1943 1950
 BAZ2B_4cur_A 1888 1893 1900 1909 1923 1932 1936 1939 1943 1950
 BAZ2B_4cus_A 1888 1893 1900 1909 1923 1932 1936 1939 1943 1950
 BAZ2B_4cut_A 1888 1893 1900 1909 1923 1932 1936 1939 1943 1950
 BAZ2B_4cuu_A 1888 1893 1900 1909 1923 1932 1936 1939 1943 1950
 BAZ2B_4ir3_A 1888 1893 1900 1909 1923 1932 1936 1939 1943 1950
 BAZ2B_4ir4_A 1888 1893 1900 1909 1923 1932 1936 1939 1943 1950
 BAZ2B_4ir5_A 1888 1893 1900 1909 1923 1932 1936 1939 1943 1950
 BAZ2B_4ir6_A 1888 1893 1900 1909 1923 1932 1936 1939 1943 1950
 BAZ2B_4nr9_A 1888 1893 1900 1909 1923 1932 1936 1939 1943 1950
 BAZ2B_4nra_A 1888 1893 1900 1909 1923 1932 1936 1939 1943 1950
 BAZ2B_4nrb_A 1888 1893 1900 1909 1923 1932 1936 1939 1943 1950
 BAZ2B_4nrc_A 1888 1893 1900 1909 1923 1932 1936 1939 1943 1950
 BAZ2B_4qbm_A 1817 1822 1829 1838 1852 1861 1865 1868 1872 1879
 BAZ2B_4qbm_B 1817 1822 1829 1838 1852 1861 1865 1868 1872 1879
 BAZ2B_4qc1_A 2084 2089 2096 2105 2119 2128 2132 2135 2139 2146
 BAZ2B_4qc1_B 2084 2089 2096 2105 2119 2128 2132 2135 2139 2146
 BAZ2B_4qc3_A 2084 2089 2096 2105 2119 2128 2132 2135 2139 2146
 BAZ2B_4qc3_B 2084 2089 2096 2105 2119 2128 2132 2135 2139 2146
 BAZ2B_4rvr_A 1888 1893 1900 1909 1923 1932 1936 1939 1943 1950
 BAZ2B_4xua_A 1888 1893 1900 1909 1923 1932 1936 1939 1943 1950
 BAZ2B_4xub_A 1888 1893 1900 1909 1923 1932 1936 1939 1943 1950
 BPTF_3qzt_A 92 97 104 113 127 136 140 143 147 154
 BRD1_5ame_A 54 59 66 75 89 98 102 105 109 116
 BRD1_5ame_B 54 59 66 75 89 98 102 105 109 116
 BRD1_5amf_A 54 59 66 75 89 98 102 105 109 116
 BRD1_5amf_B 54 59 66 75 89 98 102 105 109 116
 BRD2-1_2ydw_A 98 103 112 121 135 144 148 151 155 162
 BRD2-1_2ydw_B 98 103 112 121 135 144 148 151 155 162
 BRD2-1_2ydw_C 98 103 112 121 135 144 148 151 155 162
 BRD2-1_2yek_A 98 103 112 121 135 144 148 151 155 162
 BRD2-1_2yek_B 98 103 112 121 135 144 148 151 155 162
 BRD2-1_2yek_C 98 103 112 121 135 144 148 151 155 162
 BRD2-1_3aqa_A 98 103 112 121 135 144 148 151 155 162 
 BRD2-1_3aqa_B 98 103 112 121 135 144 148 151 155 162
 BRD2-1_3aqa_C 98 103 112 121 135 144 148 151 155 162
 BRD2-1_4a9e_A 98 103 112 121 135 144 148 151 155 162
 BRD2-1_4a9e_B 98 103 112 121 135 144 148 151 155 162
 BRD2-1_4a9e_C 98 103 112 121 135 144 148 151 155 162
 BRD2-1_4a9f_A 98 103 112 121 135 144 148 151 155 162
 BRD2-1_4a9f_B 98 103 112 121 135 144 148 151 155 162
 BRD2-1_4a9f_C 98 103 112 121 135 144 148 151 155 162
 BRD2-1_4a9h_A 98 103 112 121 135 144 148 151 155 162
 BRD2-1_4a9h_B 98 103 112 121 135 144 148 151 155 162
 BRD2-1_4a9h_C 98 103 112 121 135 144 148 151 155 162
 BRD2-1_4a9j_A 98 103 112 121 135 144 148 151 155 162
 BRD2-1_4a9j_B 98 103 112 121 135 144 148 151 155 162
 BRD2-1_4a9j_C 98 103 112 121 135 144 148 151 155 162
 BRD2-1_4a9m_A 98 103 112 121 135 144 148 151 155 162
 BRD2-1_4a9m_B 98 103 112 121 135 144 148 151 155 162
 BRD2-1_4a9m_C 98 103 112 121 135 144 148 151 155 162
 BRD2-1_4a9n_A 98 103 112 121 135 144 148 151 155 162
 BRD2-1_4a9n_B 98 103 112 121 135 144 148 151 155 162
 BRD2-1_4a9n_C 98 103 112 121 135 144 148 151 155 162
 BRD2-1_4a9o_A 98 103 112 121 135 144 148 151 155 162
 BRD2-1_4a9o_B 98 103 112 121 135 144 148 151 155 162
 BRD2-1_4a9o_C 98 103 112 121 135 144 148 151 155 162
 BRD2-1_4akn_A 98 103 112 121 135 144 148 151 155 162
 BRD2-1_4akn_B 98 103 112 121 135 144 148 151 155 162
 BRD2-1_4akn_C 98 103 112 121 135 144 148 151 155 162
 BRD2-1_4alg_A 52 57 66 75 89 98 102 105 109 116
 BRD2-1_4alh_A 98 103 112 121 135 144 148 151 155 162
 BRD2-1_4alh_B 98 103 112 121 135 144 148 151 155 162
 BRD2-1_4alh_C 98 103 112 121 135 144 148 151 155 162
 BRD2-1_4uyf_A 98 103 112 121 135 144 148 151 155 162
 BRD2-1_4uyf_B 98 103 112 121 135 144 148 151 155 162
 BRD2-1_4uyf_C 98 103 112 121 135 144 148 151 155 162
 BRD2-1_4uyh_A 98 103 112 121 135 144 148 151 155 162
 BRD2-1_4uyh_B 98 103 112 121 135 144 148 151 155 162
 BRD2-1_4uyh_C 98 103 112 121 135 144 148 151 155 162
 BRD2-2_3oni_A 371 376 385 394 408 417 421 424 428 435
 BRD2-2_4j1p_A 371 376 385 394 408 417 421 424 428 435
 BRD2-2_4mr5_A 371 376 385 394 408 417 421 424 428 435
 BRD2-2_4mr6_A 371 376 385 394 408 417 421 424 428 435
 BRD2-2_4qev_A 371 376 385 394 408 417 421 424 428 435
 BRD2-2_4qew_A 371 376 385 394 408 417 421 424 428 435
 BRD2-2_4uyg_A 371 376 385 394 408 417 421 424 428 435
 BRD2-2_4uyg_B 371 376 385 394 408 417 421 424 428 435
 BRD2-2_4uyg_C 371 376 385 394 408 417 421 424 428 435
 BRD2-2_4uyg_D 371 376 385 394 408 417 421 424 428 435
 BRD2-2_4uyg_E 371 376 385 394 408 417 421 424 428 435
 BRD2-2_4uyg_F 371 376 385 394 408 417 421 424 428 435
 BRD3-1_3s91_A 58 63 72 81 95 104 108 111 115 122
 BRD3-2_3s92_A 333 338 347 356 370 379 383 386 390 397
 BRD4-1_2yel_A 82 87 96 105 119 128 132 135 139 146
 BRD4-1_3jvk_A 82 87 96 105 119 128 132 135 139 146
 BRD4-1_3muk_A 82 87 96 105 119 128 132 135 139 146
 BRD4-1_3mul_A 82 87 96 105 119 128 132 135 139 146
 BRD4-1_3mxf_A 82 87 96 105 119 128 132 135 139 146
 BRD4-1_3p5o_A 82 87 96 105 119 128 132 135 139 146
 BRD4-1_3svf_A 82 87 96 105 119 128 132 135 139 146
 BRD4-1_3svg_A 82 87 96 105 119 128 132 135 139 146
 BRD4-1_3u5j_A 82 87 96 105 119 128 132 135 139 146
 BRD4-1_3u5k_A 82 87 96 105 119 128 132 135 139 146
 BRD4-1_3u5k_B 82 87 96 105 119 128 132 135 139 146
 BRD4-1_3u5k_C 82 87 96 105 119 128 132 135 139 146
 BRD4-1_3u5k_D 82 87 96 105 119 128 132 135 139 146 
 BRD4-1_3u5l_A 82 87 96 105 119 128 132 135 139 146
 BRD4-1_3uvw_A 82 87 96 105 119 128 132 135 139 146
 BRD4-1_3uvx_A 82 87 96 105 119 128 132 135 139 146
 BRD4-1_3uw9_A 82 87 96 105 119 128 132 135 139 146
 BRD4-1_3uw9_B 82 87 96 105 119 128 132 135 139 146
 BRD4-1_3uw9_C 82 87 96 105 119 128 132 135 139 146
 BRD4-1_3uw9_D 82 87 96 105 119 128 132 135 139 146
 BRD4-1_3zyu_A 82 87 96 105 119 128 132 135 139 146
 BRD4-1_3zyu_B 82 87 96 105 119 128 132 135 139 146
 BRD4-1_4a9l_A 82 87 96 105 119 128 132 135 139 146
 BRD4-1_4bjx_A 82 87 96 105 119 128 132 135 139 146
 BRD4-1_4bw1_A 82 87 96 105 119 128 132 135 139 146
 BRD4-1_4bw2_A 82 87 96 105 119 128 132 135 139 146
 BRD4-1_4bw3_A 82 87 96 105 119 128 132 135 139 146
 BRD4-1_4bw4_A 82 87 96 105 119 128 132 135 139 146
 BRD4-1_4c66_A 82 87 96 105 119 128 132 135 139 146
 BRD4-1_4c67_A 82 87 96 105 119 128 132 135 139 146
 BRD4-1_4cfk_A 82 87 96 105 119 128 132 135 139 146
 BRD4-1_4cfl_A 82 87 96 105 119 128 132 135 139 146
 BRD4-1_4cl9_A 82 87 96 105 119 128 132 135 139 146
 BRD4-1_4clb_A 82 87 96 105 119 128 132 135 139 146
 BRD4-1_4don_A 82 87 96 105 119 128 132 135 139 146
 BRD4-1_4e96_A 82 87 96 105 119 128 132 135 139 146
 BRD4-1_4f3i_A 82 87 96 105 119 128 132 135 139 146
 BRD4-1_4gpj_A 82 87 96 105 119 128 132 135 139 146
 BRD4-1_4hbv_A 82 87 96 105 119 128 132 135 139 146
 BRD4-1_4hbw_A 82 87 96 105 119 128 132 135 139 146
 BRD4-1_4hbx_A 82 87 96 105 119 128 132 135 139 146
 BRD4-1_4hby_A 82 87 96 105 119 128 132 135 139 146
 BRD4-1_4hxk_A 82 87 96 105 119 128 132 135 139 146
 BRD4-1_4hxl_A 82 87 96 105 119 128 132 135 139 146
 BRD4-1_4hxm_A 82 87 96 105 119 128 132 135 139 146
 BRD4-1_4hxn_A 82 87 96 105 119 128 132 135 139 146
 BRD4-1_4hxo_A 82 87 96 105 119 128 132 135 139 146
 BRD4-1_4hxp_A 82 87 96 105 119 128 132 135 139 146
 BRD4-1_4hxr_A 82 87 96 105 119 128 132 135 139 146
 BRD4-1_4hxs_A 82 87 96 105 119 128 132 135 139 146
 BRD4-1_4ioo_A 82 87 96 105 119 128 132 135 139 146
 BRD4-1_4ioq_A 82 87 96 105 119 128 132 135 139 146
 BRD4-1_4ior_A 82 87 96 105 119 128 132 135 139 146
 BRD4-1_4j0r_A 82 87 96 105 119 128 132 135 139 146
 BRD4-1_4j0s_A 82 87 96 105 119 128 132 135 139 146
 BRD4-1_4lr6_A 82 87 96 105 119 128 132 135 139 146
 BRD4-1_4lys_A 82 87 96 105 119 128 132 135 139 146
 BRD4-1_4lyw_A 82 87 96 105 119 128 132 135 139 146
 BRD4-1_4lzr_A 82 87 96 105 119 128 132 135 139 146
 BRD4-1_4lzs_A 82 87 96 105 119 128 132 135 139 146
 BRD4-1_4men_A 82 87 96 105 119 128 132 135 139 146
 BRD4-1_4meo_A 82 87 96 105 119 128 132 135 139 146
 BRD4-1_4mep_A 82 87 96 105 119 128 132 135 139 146
 BRD4-1_4meq_A 82 87 96 105 119 128 132 135 139 146
 BRD4-1_4mr3_A 82 87 96 105 119 128 132 135 139 146
 BRD4-1_4mr4_A 82 87 96 105 119 128 132 135 139 146
 BRD4-1_4nqm_A 82 87 96 105 119 128 132 135 139 146
 BRD4-1_4nr8_A 82 87 96 105 119 128 132 135 139 146
 BRD4-1_4nuc_A 82 87 96 105 119 128 132 135 139 146
 BRD4-1_4nud_A 82 87 96 105 119 128 132 135 139 146
 BRD4-1_4nue_A 82 87 96 105 119 128 132 135 139 146
 BRD4-1_4o70_A 82 87 96 105 119 128 132 135 139 146
 BRD4-1_4o70_B 82 87 96 105 119 128 132 135 139 146
 BRD4-1_4o71_A 82 87 96 105 119 128 132 135 139 146
 BRD4-1_4o71_B 82 87 96 105 119 128 132 135 139 146
 BRD4-1_4o72_A 82 87 96 105 119 128 132 135 139 146
 BRD4-1_4o74_A 82 87 96 105 119 128 132 135 139 146
 BRD4-1_4o74_B 82 87 96 105 119 128 132 135 139 146
 BRD4-1_4o75_A 82 87 96 105 119 128 132 135 139 146
 BRD4-1_4o76_A 82 87 96 105 119 128 132 135 139 146
 BRD4-1_4o76_B 82 87 96 105 119 128 132 135 139 146
 BRD4-1_4o76_C 82 87 96 105 119 128 132 135 139 146
 BRD4-1_4o76_D 82 87 96 105 119 128 132 135 139 146
 BRD4-1_4o77_A 82 87 96 105 119 128 132 135 139 146
 BRD4-1_4o77_B 82 87 96 105 119 128 132 135 139 146
 BRD4-1_4o7a_A 82 87 96 105 119 128 132 135 139 146
 BRD4-1_4o7b_A 82 87 96 105 119 128 132 135 139 146
 BRD4-1_4o7c_A 82 87 96 105 119 128 132 135 139 146
 BRD4-1_4o7e_A 82 87 96 105 119 128 132 135 139 146
 BRD4-1_4o7e_B 82 87 96 105 119 128 132 135 139 146
 BRD4-1_4o7f_A 82 87 96 105 119 128 132 135 139 146
 BRD4-1_4o7f_B 82 87 96 105 119 128 132 135 139 146
 BRD4-1_4ogi_A 82 87 96 105 119 128 132 135 139 146
 BRD4-1_4ogi_B 82 87 96 105 119 128 132 135 139 146
 BRD4-1_4ogj_A 82 87 96 105 119 128 132 135 139 146
 BRD4-1_4ogj_B 82 87 96 105 119 128 132 135 139 146
 BRD4-1_4pce_A 82 87 96 105 119 128 132 135 139 146
 BRD4-1_4pci_A 82 87 96 105 119 128 132 135 139 146
 BRD4-1_4ps5_A 82 87 96 105 119 128 132 135 139 146
 BRD4-1_4ps5_B 82 87 96 105 119 128 132 135 139 146
 BRD4-1_4qb3_A 82 87 96 105 119 128 132 135 139 146
 BRD4-1_4qzs_A 82 87 96 105 119 128 132 135 139 146
 BRD4-1_4uix_A 82 87 96 105 119 128 132 135 139 146
 BRD4-1_4uix_B 82 87 96 105 119 128 132 135 139 146
 BRD4-1_4uix_C 82 87 96 105 119 128 132 135 139 146 
 BRD4-1_4uiy_A 82 87 96 105 119 128 132 135 139 146
 BRD4-1_4uiz_A 82 87 96 105 119 128 132 135 139 146
 BRD4-1_4uyd_A 82 87 96 105 119 128 132 135 139 146
 BRD4-1_4wiv_A 82 87 96 105 119 128 132 135 139 146
 BRD4-1_4xy9_A 82 87 96 105 119 128 132 135 139 146
 BRD4-1_4xya_A 82 87 96 105 119 128 132 135 139 146
 BRD4-1_4z1q_A 82 87 96 105 119 128 132 135 139 146
 BRD4-1_4z1q_B 82 87 96 105 119 128 132 135 139 146
 BRD4-1_4z1s_A 82 87 96 105 119 128 132 135 139 146
 BRD4-1_4z1s_B 82 87 96 105 119 128 132 135 139 146
 BRD4-2_2yem_A 375 380 389 398 412 421 425 428 432 439
 BRD4-2_2yem_B 375 380 389 398 412 421 425 428 432 439
 BRD4-2_4kv4_A 30 35 44 53 67 76 80 83 87 94
 BRD9_4nqn_A 44 49 56 65 79 88 92      95      99      106
 BRD9_4uit_A 44 49 56 65 79 88 92      95      99      106
 BRD9_4uiu_A 44 49 56 65 79 88 92      95      99      106
 BRD9_4uiv_A 44 49 56 65 79 88 92      95      99      106
 BRD9_4uiw_A 44 49 56 65 79 88 92      95      99      106
 BRD9_4xy8_A 44 49 56 65 79 88 92      95      99      106
 BRD9_4z6h_A 44 49 56 65 79 88 92      95      99      106
 BRD9_4z6h_B 44 49 56 65 79 88 92      95      99      106
 BRD9_4z6i_A 44 49 56 65 79 88 92      95      99      106
 BRD9_4z6i_B 44 49 56 65 79 88 92      95      99      106
 BRDT-1_4kcx_A 51 56 65 74 88 97 101 104 108 115
 BRDT-1_4kcx_B 51 56 65 74 88 97 101 104 108 115
 BRPF1_4qyl_A 27 32 39 48 62 71 75 78 82 89 
 BRPF1_4qyl_B 27 32 39 48 62 71 75 78 82 89
 BRPF1_4qyl_C 27 32 39 48 62 71 75 78 82 89
 BRPF1_4qyl_D 27 32 39 48 62 71 75 78 82 89
 BRPF1_4uye_A 652 657 664 673 687 696 700 703 707 714
 BRPF1_4uye_B 652 657 664 673 687 696 700 703 707 714
 CREBBP_3p1c_A 1110 1115 1124 1133 1147 1156 1160 1163 1167 1174
 CREBBP_3p1c_B 1110 1115 1124 1133 1147 1156 1160 1163 1167 1174
 CREBBP_3p1d_A 1110 1115 1124 1133 1147 1156 1160 1163 1167 1174
 CREBBP_3p1d_B 1110 1115 1124 1133 1147 1156 1160 1163 1167 1174
 CREBBP_3p1e_A 1110 1115 1124 1133 1147 1156 1160 1163 1167 1174
 CREBBP_3p1e_B 1110 1115 1124 1133 1147 1156 1160 1163 1167 1174
 CREBBP_3p1f_A 1110 1115 1124 1133 1147 1156 1160 1163 1167 1174
 CREBBP_3p1f_B 1110 1115 1124 1133 1147 1156 1160 1163 1167 1174
 CREBBP_3svh_A 1110 1115 1124 1133 1147 1156 1160 1163 1167 1174 
 CREBBP_3svh_B 1110 1115 1124 1133 1147 1156 1160 1163 1167 1174
 CREBBP_4a9k_A 1110 1115 1124 1133 1147 1156 1160 1163 1167 1174
 CREBBP_4a9k_B 1110 1115 1124 1133 1147 1156 1160 1163 1167 1174
 CREBBP_4n3w_A 1110 1115 1124 1133 1147 1156 1160 1163 1167 1174
 CREBBP_4n4f_A 1110 1115 1124 1133 1147 1156 1160 1163 1167 1174
 CREBBP_4nr4_A 1110 1115 1124 1133 1147 1156 1160 1163 1167 1174
 CREBBP_4nr4_B 1110 1115 1124 1133 1147 1156 1160 1163 1167 1174
 CREBBP_4nr5_A 1110 1115 1124 1133 1147 1156 1160 1163 1167 1174
 CREBBP_4nr6_A 1110 1115 1124 1133 1147 1156 1160 1163 1167 1174
 CREBBP_4nr7_A 1110 1115 1124 1133 1147 1156 1160 1163 1167 1174
 CREBBP_4nyv_A 1110 1115 1124 1133 1147 1156 1160 1163 1167 1174
 CREBBP_4nyv_B 1110 1115 1124 1133 1147 1156 1160 1163 1167 1174
 CREBBP_4nyv_C 1110 1115 1124 1133 1147 1156 1160 1163 1167 1174
 CREBBP_4nyv_D 1110 1115 1124 1133 1147 1156 1160 1163 1167 1174
 CREBBP_4nyw_A 1110 1115 1124 1133 1147 1156 1160 1163 1167 1174
 CREBBP_4nyx_A 1110 1115 1124 1133 1147 1156 1160 1163 1167 1174
 PB5_3mb4_A 651 656 663 672 686 695 699 702 706 713
 PB5_3mb4_B 651 656 663 672 686 695 699 702 706 713
 PB5_4q0n_A 651 656 663 672 686 695 699 702 706 713
 PB5_4q0n_B 651 656 663 672 686 695 699 702 706 713
 PB5_4q0n_C 651 656 663 672 686 695 699 702 706 713
 PB5_4q0n_D 651 656 663 672 686 695 699 702 706 713
 PB5_4q0n_E 651 656 663 672 686 695 699 702 706 713
 PB5_4q0n_F 651 656 663 672 686 695 699 702 706 713
 PB5_4q0n_G 651 656 663 672 686 695 699 702 706 713
 PB5_4q0n_H 651 656 663 672 686 695 699 702 706 713
 PB5_4q0o_A 651 656 663 672 686 695 699 702 706 713
 PB5_4y03_A 651 656 663 672 686 695 699 702 706 713
 PB5_4y03_B 651 656 663 672 686 695 699 702 706 713
 SMARCA4_3uvd_A
