pro_name  wat1-pMd_N  wat1-N1_ND2  wat1-pdY_OH   wat2-pdY_OH  wat2-N1p1_CA  wat3-V1_O  wat1-wat3  wat2-wat3  wat4-pMd_O wat4-pmD_CA  wat4-wat3  wat4-wat1  wat5-wPf_O  wat5-preP_O  wat4-wat5
ATAD2_4qsp_A 3.02 3.05 2.66 2.53 3.33 2.78 3.24 2.65 2.75 3.98 2.73 3.63 3.28 2.73 2.60
ATAD2_4qsq_A 2.96 3.28 2.57 2.54 3.34 2.89 3.56 2.64 2.66 4.16 2.68 3.18 2.88 2.74 2.60
ATAD2_4qsr_A 2.91 2.98 2.72 2.40 3.35 2.72 3.35 2.76 2.62 3.86 2.74 3.66 3.05 2.76 2.74
ATAD2_4qss_A 2.92 3.21 2.66 2.44 3.37 2.78 3.78 2.71 2.66 4.11 2.65 3.31 2.90 2.67 2.77
ATAD2_4qst_A 3.03 3.52 2.53 2.71 3.23 2.65 3.85 2.84 2.74 4.12 2.75 3.22 2.92 2.72 2.65
ATAD2_4qsu_A 2.80 3.19 2.77 2.59 3.40 2.81 3.52 2.68 2.78 4.03 2.71 3.51 3.14 2.80 2.46
ATAD2_4qsv_A 2.94 3.17 2.60 2.58 3.43 2.78 3.28 2.72 2.68 3.96 2.62 3.60 3.39 2.80 2.49
ATAD2_4qsw_A 2.98 3.02 2.66 2.54 3.42 2.82 3.25 2.72 2.68 3.94 2.71 3.67 3.48 2.91 2.42
ATAD2_4qsx_A 2.85 3.09 2.63 2.53 3.40 2.88 3.44 2.75 2.76 3.94 2.60 3.59 3.26 2.78 2.42
ATAD2_4qut_A 3.01 3.36 2.57 2.53 3.31 2.81 3.87 2.74 2.68 4.18 2.72 3.13 2.84 2.71 2.66
ATAD2_4quu_A 2.97 3.27 2.66 2.56 3.34 2.70 3.73 2.69 2.66 4.12 2.74 3.19 2.91 2.66 2.62
ATAD2_4tte_A 2.86 5.18 2.73 2.54 3.30 2.72 3.56 2.77 2.69 3.93 2.82 3.53 2.89 2.70 2.61
ATAD2_4tu4_A 2.95 3.28 2.68 2.62 3.28 2.73 3.62 2.72 2.68 4.04 2.78 3.32 2.79 2.72 2.74
ATAD2_4tyl_A 2.93 3.21 2.64 2.50 3.37 2.74 3.67 2.73 2.67 4.03 2.80 3.31 2.75 2.80 2.73
ATAD2_4tz2_A wat1 Atom O (index 2245) wat2 0 wat3 0 wat4 0 wat5 Atom O (index 2313)
BAZ2B_3q2f_A 3.06 3.20 2.56 2.50 3.26 2.67 3.66 2.75 2.60 3.89 2.77 3.34 2.87 2.73 2.46
BAZ2B_4cup_A 3.03 3.29 2.56 2.58 3.44 2.71 3.84 2.81 2.70 4.04 2.72 3.20 2.90 2.80 2.41
BAZ2B_4cur_A 2.98 3.16 2.63 2.53 3.44 2.66 3.74 2.93 2.66 3.92 2.82 3.44 2.80 2.76 2.53
BAZ2B_4cus_A 3.04 3.32 2.66 2.55 3.42 2.81 3.95 2.74 2.72 4.02 2.80 3.28 2.81 2.69 2.61
BAZ2B_4cut_A 3.06 3.32 2.70 2.57 3.35 2.73 3.92 2.81 2.73 4.09 2.89 3.15 2.82 2.74 2.61
BAZ2B_4cuu_A 3.04 3.33 2.73 2.60 3.44 2.74 3.97 2.71 2.73 4.08 2.83 3.16 2.85 2.73 2.57
BAZ2B_4ir3_A 2.97 3.24 2.61 2.62 3.26 2.75 3.95 2.68 2.68 4.06 2.87 3.32 2.78 2.81 2.40
BAZ2B_4ir4_A 3.01 3.10 2.56 2.69 3.50 2.72 3.90 2.76 2.65 4.14 2.74 3.19 2.89 2.83 2.43
BAZ2B_4ir5_A 2.98 3.27 2.67 2.60 3.29 2.72 3.75 2.68 2.62 3.99 2.76 3.23 2.71 2.72 2.60
BAZ2B_4ir6_A 3.01 3.17 2.61 2.59 3.39 2.71 3.73 2.72 2.63 4.03 2.66 3.25 2.71 2.73 2.68
BAZ2B_4nr9_A 3.03 3.07 2.60 2.55 3.41 2.72 3.89 2.73 2.76 4.10 2.78 3.32 2.84 2.72 2.53
BAZ2B_4nra_A 2.99 3.37 2.69 2.50 3.33 2.81 3.99 2.72 2.65 4.13 2.70 3.11 2.86 2.78 2.54
BAZ2B_4nrb_A 3.02 3.10 2.60 2.58 3.31 2.71 3.60 2.79 2.67 4.08 2.66 3.31 2.73 2.83 2.42
BAZ2B_4nrc_A 3.03 3.12 2.63 2.57 3.36 2.67 3.61 2.81 2.65 3.90 2.85 3.34 2.68 2.77 2.54
BAZ2B_4qbm_A 2.97 3.30 2.54 2.57 3.51 2.64 3.77 2.84 2.65 4.04 2.77 3.20 2.89 2.74 2.58
BAZ2B_4qbm_B 3.07 3.38 2.66 2.60 3.54 2.73 3.65 2.74 2.66 4.15 2.67 3.17 2.82 2.80 2.67
BAZ2B_4qc1_A wat1 Atom O (index 1766) wat2 0 wat3 Atom O (index 1761) wat4 Atom O (index 1782) wat5 Atom O (index 1741)
BAZ2B_4qc1_B wat1 Atom O (index 1779) wat2 0 wat3 Atom O (index 1775) wat4 Atom O (index 1780) wat5 Atom O (index 1754)
BAZ2B_4qc3_A 3.01 3.46 2.62 2.54 3.27 2.73 3.87 2.68 2.68 4.07 2.67 3.08 2.79 2.75 2.71
BAZ2B_4qc3_B 3.01 3.61 2.66 2.55 3.41 2.75 3.83 2.70 2.74 4.15 2.74 2.97 2.79 2.78 2.65
BAZ2B_4rvr_A 2.99 3.13 2.59 2.56 3.34 2.65 3.82 2.79 2.62 4.00 2.71 3.25 2.79 2.67 2.62
BAZ2B_4xua_A wat1 Atom O (index 1992) wat2 0 wat3 Atom O (index 1976) wat4 Atom O (index 2046) wat5 Atom O (index 1963)
BAZ2B_4xub_A 2.98 3.20 2.67 2.60 3.33 2.69 3.40 2.69 2.83 3.90 2.73 3.62 2.87 2.87 2.45
BPTF_3qzt_A 2.96 2.96 2.65 2.51 3.18 2.77 3.02 2.70 2.71 3.73 2.66 3.91 2.74 2.71 2.74
BRD1_5ame_A 3.17 3.24 2.70 2.62 3.27 2.79 2.98 2.98 2.74 3.78 2.83 3.90 2.84 2.77 2.77
BRD1_5ame_B 3.02 3.21 2.77 2.55 3.23 2.80 3.05 2.93 2.75 3.91 2.67 3.76 2.82 2.78 2.77
BRD1_5amf_A wat1 Atom O (index 2059) wat2 0 wat3 Atom O (index 2082) wat4 Atom O (index 2068) wat5 Atom O (index 2036)
BRD1_5amf_B 3.08 3.30 2.72 2.47 3.31 2.74 3.12 3.00 2.73 3.84 2.74 3.82 2.75 2.77 2.82
BRD2-1_2ydw_A 3.13 3.18 2.74 2.66 3.40 2.74 3.34 2.63 2.66 3.89 2.73 3.59 2.80 2.81 2.58
BRD2-1_2ydw_B 3.24 3.19 2.81 2.71 3.34 2.72 3.11 2.77 2.91 3.92 2.68 3.69 2.91 2.78 2.57
BRD2-1_2ydw_C 3.21 3.17 2.73 2.62 3.50 2.67 3.16 3.05 2.61 3.92 2.46 3.51 2.63 2.63 2.91
BRD2-1_2yek_A 3.08 3.15 2.75 2.66 3.32 2.84 2.99 2.74 2.67 3.86 2.60 3.56 2.73 2.73 2.74
BRD2-1_2yek_B 3.10 3.25 2.66 2.65 3.37 2.71 3.37 2.82 2.64 4.00 2.52 3.39 2.67 2.77 2.68
BRD2-1_2yek_C 3.18 3.22 2.78 2.64 3.34 2.79 3.57 2.76 2.60 4.05 2.55 3.14 2.75 2.73 2.69
BRD2-1_3aqa_A 2.86 3.23 2.73 2.64 3.61 2.83 3.46 2.71 2.87 3.87 2.82 4.09 2.74 2.64 2.73
BRD2-1_3aqa_B 3.05 3.21 2.73 2.57 3.53 2.61 3.51 2.60 2.69 4.10 2.81 3.24 2.64 2.79 2.78
BRD2-1_3aqa_C 3.13 3.19 2.89 2.60 3.44 2.82 2.95 2.74 2.74 3.91 2.74 3.49 2.68 2.65 2.77
BRD2-1_4a9e_A 3.05 3.19 2.74 2.61 3.38 2.69 3.14 2.66 2.79 3.80 2.78 3.83 2.79 2.79 2.63
BRD2-1_4a9e_B 3.14 3.24 2.63 2.60 3.49 2.78 3.19 2.62 2.75 3.91 2.66 3.65 2.67 2.70 2.70
BRD2-1_4a9e_C 3.11 3.11 2.66 2.56 3.51 2.69 3.19 2.83 2.79 3.98 2.61 3.69 2.78 2.75 2.58
BRD2-1_4a9f_A 3.04 3.12 2.82 2.55 3.44 2.75 2.82 2.69 2.71 3.86 2.65 3.64 2.77 2.68 2.70
BRD2-1_4a9f_B 3.12 3.29 2.67 2.68 3.33 2.65 3.33 2.64 2.70 3.97 2.54 3.35 2.79 2.70 2.69
BRD2-1_4a9f_C 3.17 3.24 2.60 2.54 3.40 2.70 2.98 2.84 2.72 3.86 2.62 3.64 2.83 2.73 2.63
BRD2-1_4a9h_A 3.18 3.11 2.64 2.67 3.34 2.84 2.90 2.85 2.77 3.93 2.50 3.77 2.67 2.77 2.65
BRD2-1_4a9h_B 3.09 3.14 2.80 2.63 3.56 2.88 2.98 2.54 2.73 3.94 2.54 3.64 2.72 2.70 2.61
BRD2-1_4a9h_C 3.08 3.21 2.75 2.68 3.35 2.71 3.20 2.83 2.72 3.89 2.57 3.65 2.73 2.74 2.66
BRD2-1_4a9j_A 3.15 3.20 2.70 2.57 3.41 2.69 3.26 2.73 2.72 3.91 2.69 3.67 2.86 2.62 2.66
BRD2-1_4a9j_B 3.17 3.20 2.65 2.60 3.45 2.74 3.40 2.79 2.66 3.98 2.63 3.35 2.77 2.73 2.64
BRD2-1_4a9j_C 3.20 3.20 2.58 2.69 3.42 2.67 3.44 2.77 2.66 3.95 2.62 3.54 2.86 2.73 2.64
BRD2-1_4a9m_A 2.95 3.13 2.74 2.62 3.46 2.68 3.32 2.75 2.70 3.82 2.76 3.83 2.67 2.59 2.78
BRD2-1_4a9m_B 3.17 3.22 2.62 2.67 3.40 2.98 3.25 2.70 2.56 3.86 2.52 3.59 2.69 2.69 2.98
BRD2-1_4a9m_C 3.13 3.04 2.67 2.54 3.48 2.78 3.53 3.06 2.98 3.99 2.58 3.95 2.81 2.82 2.61
BRD2-1_4a9n_A 3.10 3.24 2.68 2.60 3.41 2.80 3.05 2.65 2.82 3.91 2.72 3.81 2.79 2.77 2.62
BRD2-1_4a9n_B 3.04 3.25 2.79 2.59 3.45 2.73 3.37 2.69 2.76 4.01 2.65 3.61 2.77 2.65 2.69
BRD2-1_4a9n_C 3.15 3.19 2.66 2.66 3.41 2.65 3.42 2.79 2.70 3.92 2.63 3.57 2.96 2.69 2.54
BRD2-1_4a9o_A 3.13 3.17 2.74 2.64 3.48 2.75 2.98 2.78 2.71 3.79 2.72 3.81 2.77 2.72 2.66
BRD2-1_4a9o_B 3.08 3.20 2.79 2.63 3.45 2.71 3.04 2.71 2.74 3.89 2.65 3.74 2.76 2.68 2.71
BRD2-1_4a9o_C 3.15 3.20 2.75 2.64 3.42 2.66 3.23 2.83 2.70 3.84 2.62 3.66 2.74 2.78 2.66
BRD2-1_4akn_A 3.04 3.17 2.75 2.62 3.48 2.77 2.94 2.78 2.85 3.93 2.68 3.90 2.79 2.74 2.73
BRD2-1_4akn_B 3.08 3.24 2.71 2.63 3.44 2.72 2.95 2.81 2.79 3.87 2.72 3.87 2.78 2.76 2.71
BRD2-1_4akn_C 3.17 3.27 2.65 2.59 3.49 2.74 3.44 2.79 2.71 4.01 2.66 3.34 2.87 2.74 2.59
BRD2-1_4alg_A 3.06 3.14 2.79 2.58 3.66 2.86 2.94 2.74 2.76 3.90 2.69 3.83 2.75 2.72 2.78
BRD2-1_4alh_A 3.10 3.17 2.69 2.60 3.48 2.71 3.20 2.73 2.80 3.87 2.76 3.92 2.79 2.73 2.60
BRD2-1_4alh_B 3.11 3.18 2.68 2.67 3.42 2.77 3.15 2.87 2.68 3.96 2.55 3.71 2.77 2.70 2.69
BRD2-1_4alh_C 3.16 3.18 2.66 2.65 3.38 2.73 3.13 2.83 2.72 3.87 2.64 3.66 2.85 2.81 2.72
BRD2-1_4uyf_A 3.12 3.14 2.80 2.67 3.42 2.74 2.99 2.83 2.84 3.90 2.75 3.94 2.68 2.82 2.71
BRD2-1_4uyf_B 3.08 3.18 2.80 2.58 3.48 2.75 3.04 2.79 2.77 3.79 2.76 3.88 2.75 2.80 2.79
BRD2-1_4uyf_C 3.22 3.18 2.71 2.63 3.46 2.74 2.90 2.83 2.83 3.78 2.70 3.90 2.75 2.74 2.71
BRD2-1_4uyh_A 3.05 3.15 2.80 2.64 3.42 2.74 3.15 2.70 2.76 3.84 2.76 3.76 2.75 2.76 2.68
BRD2-1_4uyh_B 3.17 3.27 2.69 2.59 3.46 2.65 3.39 2.73 2.75 3.99 2.70 3.52 2.76 2.86 2.56
BRD2-1_4uyh_C 3.14 3.19 2.71 2.58 3.49 2.74 3.45 2.80 2.72 4.06 2.62 3.32 2.83 2.76 2.61
BRD2-2_3oni_A 3.16 3.24 2.76 2.67 3.38 2.71 3.31 2.74 2.68 4.05 2.59 3.35 2.75 2.70 2.68
BRD2-2_4j1p_A 3.14 3.26 2.84 2.69 3.45 2.85 2.88 2.90 2.75 3.82 2.70 3.90 2.75 2.69 2.68
BRD2-2_4mr5_A 3.24 3.16 2.82 2.72 3.46 2.73 3.42 2.82 2.65 4.07 2.64 3.30 2.75 2.75 2.62
BRD2-2_4mr6_A 3.22 3.24 2.83 2.81 3.50 2.75 3.23 2.88 2.70 3.91 2.72 3.56 2.75 2.85 2.51
BRD2-2_4qev_A 3.16 3.37 2.83 2.58 3.52 2.61 3.58 2.76 2.77 4.06 2.75 3.35 2.75 2.70 2.62
BRD2-2_4qew_A 3.13 3.25 2.77 2.63 3.41 2.66 3.50 2.67 2.66 3.99 2.74 3.41 2.71 2.72 2.59
BRD2-2_4uyg_A 3.21 3.31 2.77 2.59 3.39 2.83 3.04 2.72 2.64 4.01 2.58 3.59 2.70 2.77 2.87
BRD2-2_4uyg_B 3.15 3.03 2.94 2.57 3.42 2.97 2.74 2.64 2.81 4.08 2.50 3.64 2.73 2.64 3.01
BRD2-2_4uyg_C 3.00 3.39 2.74 2.53 3.44 2.78 2.97 2.90 2.70 3.69 2.80 3.66 2.76 2.91 2.80
BRD2-2_4uyg_D wat1 0 wat2 Atom O (index 1791) wat3 Atom O (index 1797) wat4 Atom O (index 1796) wat5 Atom O (index 1783)
BRD2-2_4uyg_E wat1 0 wat2 Atom O (index 1793) wat3 Atom O (index 1796) wat4 Atom O (index 1794) wat5 Atom O (index 1792)
BRD2-2_4uyg_F wat1 Atom O (index 1815) wat2 0 wat3 Atom O (index 1818) wat4 0 wat5 Atom O (index 1810)
BRD3-1_3s91_A 3.10 3.11 2.73 2.51 3.58 2.70 3.11 2.66 2.60 3.75 2.84 3.51 2.78 2.64 2.64
BRD3-2_3s92_A 3.13 3.14 2.79 2.65 3.38 2.80 3.19 2.77 2.74 3.84 2.62 3.65 2.72 2.71 2.67
BRD4-1_2yel_A 3.25 3.14 2.78 2.67 3.29 2.68 3.63 2.75 2.71 3.81 2.73 3.33 2.87 2.87 2.59
BRD4-1_3jvk_A 3.16 3.12 2.96 2.43 3.20 2.68 3.53 2.67 2.75 3.81 2.77 3.50 2.74 2.84 2.68
BRD4-1_3muk_A 3.27 3.16 2.72 2.64 3.21 2.54 3.68 2.87 2.72 3.83 2.83 3.40 2.92 2.77 2.45
BRD4-1_3mul_A 3.28 3.04 2.76 2.68 3.18 2.75 3.60 2.74 2.71 3.75 2.71 3.54 2.91 2.80 2.52
BRD4-1_3mxf_A 3.25 3.14 2.74 2.69 3.25 2.78 3.62 2.74 2.68 3.85 2.70 3.36 2.77 2.79 2.68
BRD4-1_3p5o_A 3.27 3.10 2.75 2.65 3.29 2.77 3.34 2.72 2.74 3.75 2.70 3.59 2.76 2.76 2.71
BRD4-1_3svf_A 3.20 3.08 2.74 2.59 3.30 2.66 3.66 2.81 2.83 4.00 2.68 3.56 2.95 2.78 2.49
BRD4-1_3svg_A 3.27 3.19 2.85 2.65 3.33 2.86 3.71 2.60 2.66 3.83 2.75 3.22 2.95 2.79 2.61
BRD4-1_3u5j_A 3.22 3.13 2.77 2.61 3.28 2.81 3.12 2.73 2.76 3.64 2.62 3.64 2.76 2.78 2.72
BRD4-1_3u5k_A wat1 Atom O (index 2150) wat2 Atom O (index 2106) wat3 0 wat4 Atom O (index 2140) wat5 Atom O (index 2121)
BRD4-1_3u5k_B wat1 Atom O (index 2082) wat2 Atom O (index 2094) wat3 Atom O (index 2086) wat4 0 wat5 Atom O (index 2080)
BRD4-1_3u5k_C 3.47 3.44 2.77 2.78 3.33 2.69 3.07 2.72 2.92 4.18 2.71 3.02 2.44 2.66 3.22
BRD4-1_3u5k_D wat1 0 wat2 Atom O (index 2064) wat3 Atom O (index 2084) wat4 Atom O (index 2067) wat5 0
BRD4-1_3u5l_A 3.22 3.08 2.77 2.61 3.25 2.77 3.20 2.75 2.78 3.69 2.65 3.68 2.72 2.82 2.70
BRD4-1_3uvw_A 3.14 3.19 2.72 2.63 3.36 2.76 3.95 2.83 2.68 4.14 2.75 2.94 2.79 2.78 2.74
BRD4-1_3uvx_A 3.18 3.12 2.71 2.50 3.32 2.74 3.12 2.78 2.82 3.71 2.74 3.76 2.78 2.80 2.55
BRD4-1_3uw9_A wat1 Atom O (index 2151) wat2 0 wat3 Atom O (index 2147) wat4 Atom O (index 2146) wat5 Atom O (index 2080)
BRD4-1_3uw9_B wat1 0 wat2 0 wat3 Atom O (index 1876) wat4 0 wat5 0
BRD4-1_3uw9_C wat1 0 wat2 0 wat3 0 wat4 0 wat5 Atom O (index 1908)
BRD4-1_3uw9_D wat1 Atom O (index 1875) wat2 Atom O (index 1876) wat3 0 wat4 Atom O (index 1892) wat5 Atom O (index 1862)
BRD4-1_3zyu_A 3.12 3.22 2.74 2.56 3.36 2.80 3.07 2.71 2.81 3.86 2.70 3.74 2.74 2.75 2.73
BRD4-1_3zyu_B 3.18 3.36 2.70 2.59 3.32 2.71 3.71 2.66 2.67 4.22 2.64 3.05 2.75 2.79 2.72
BRD4-1_4a9l_A 3.16 3.01 2.72 2.55 3.30 2.69 3.18 2.73 2.84 3.74 2.75 3.90 2.77 2.79 2.67
BRD4-1_4bjx_A 3.18 3.09 2.77 2.64 3.34 2.77 3.03 2.83 2.84 3.70 2.68 3.87 2.76 2.77 2.79
BRD4-1_4bw1_A 3.11 3.09 2.77 2.54 3.37 2.76 2.99 2.79 2.80 3.78 2.71 3.77 2.77 2.75 2.76
BRD4-1_4bw2_A 3.10 2.98 2.81 2.61 3.27 2.60 3.08 2.78 2.79 3.78 2.79 3.81 2.93 2.74 2.59
BRD4-1_4bw3_A 3.17 3.14 2.69 2.52 3.43 2.72 3.12 2.80 2.80 3.82 2.61 3.63 2.75 2.80 2.69
BRD4-1_4bw4_A 3.18 3.12 2.65 2.57 3.37 2.75 3.36 2.78 2.82 3.90 2.65 3.58 2.69 2.79 2.65
BRD4-1_4c66_A 3.24 3.10 2.67 2.58 3.41 2.65 3.59 2.72 2.77 3.91 2.72 3.61 2.87 2.84 2.39
BRD4-1_4c67_A 3.23 3.16 2.72 2.60 3.27 2.76 3.31 2.69 2.73 3.70 2.70 3.56 2.83 2.78 2.64
BRD4-1_4cfk_A 3.27 3.23 2.68 2.61 3.36 2.81 3.78 2.85 2.73 4.24 2.74 3.02 2.88 2.70 2.78
BRD4-1_4cfl_A 3.28 3.18 2.75 2.59 3.36 2.80 3.83 2.74 2.77 4.22 2.79 3.01 2.92 2.80 2.74
BRD4-1_4cl9_A 3.24 3.15 2.72 2.62 3.37 2.80 3.36 2.71 2.80 3.84 2.67 3.59 2.80 2.88 2.74
BRD4-1_4clb_A 3.30 3.24 2.79 2.65 3.26 2.79 3.75 2.72 2.74 4.18 2.66 3.02 2.75 2.76 2.75
BRD4-1_4don_A 3.21 3.15 2.73 2.64 3.29 2.79 3.71 2.78 2.75 3.97 2.58 3.34 2.86 2.80 2.62
BRD4-1_4e96_A 3.20 3.21 2.55 2.57 3.37 2.79 3.77 2.56 2.80 4.00 2.79 3.34 2.71 2.78 2.58
BRD4-1_4f3i_A 3.23 3.10 2.82 2.61 3.29 2.76 3.73 2.72 2.71 3.87 2.71 3.34 2.80 2.78 2.70
BRD4-1_4gpj_A wat1 0 wat2 Atom O (index 2137) wat3 Atom O (index 2127) wat4 Atom O (index 2128) wat5 Atom O (index 2123)
BRD4-1_4hbv_A 3.23 3.13 2.76 2.58 3.24 2.71 3.43 2.71 2.77 3.82 2.71 3.65 2.81 2.78 2.63
BRD4-1_4hbw_A 3.19 3.14 2.73 2.62 3.29 2.77 3.37 2.68 2.67 3.74 2.69 3.52 2.82 2.74 2.72
BRD4-1_4hbx_A 3.21 3.09 2.70 2.64 3.30 2.76 3.21 2.72 2.70 3.78 2.63 3.55 2.78 2.76 2.74
BRD4-1_4hby_A 3.21 3.02 2.77 2.66 3.22 2.87 3.24 2.66 2.66 3.84 2.54 3.36 2.72 2.77 2.86
BRD4-1_4hxk_A wat1 Atom O (index 2104) wat2 0 wat3 Atom O (index 2139) wat4 Atom O (index 2141) wat5 Atom O (index 2106)
BRD4-1_4hxl_A 3.07 3.12 2.71 2.61 3.29 2.76 3.69 2.80 2.69 4.02 2.70 3.16 2.78 2.77 2.75
BRD4-1_4hxm_A 3.05 3.10 2.71 2.61 3.33 2.77 3.66 2.75 2.79 4.01 2.75 3.40 2.77 2.70 2.72
BRD4-1_4hxn_A 3.16 3.21 2.72 2.63 3.26 2.78 3.73 2.76 2.76 4.01 2.68 3.23 2.82 2.81 2.64
BRD4-1_4hxo_A 3.30 3.33 2.66 2.56 3.26 2.82 3.53 2.74 2.72 3.82 2.72 3.45 3.21 2.85 2.14
BRD4-1_4hxp_A 3.26 3.19 2.67 2.61 3.30 2.86 3.86 2.77 2.61 3.98 2.68 3.08 3.01 2.73 2.58
BRD4-1_4hxr_A 3.02 3.10 2.72 2.59 3.35 2.75 3.44 2.78 2.71 3.94 2.58 3.34 2.90 2.79 2.64
BRD4-1_4hxs_A 3.15 3.16 2.70 2.58 3.29 2.77 3.53 2.73 2.75 4.00 2.61 3.27 2.82 2.82 2.68
BRD4-1_4ioo_A 3.21 3.11 2.78 2.63 3.27 2.80 3.88 2.73 2.68 4.01 2.73 3.07 2.83 2.79 2.74
BRD4-1_4ioq_A 3.28 3.12 2.67 2.58 3.28 2.82 3.63 2.66 2.73 3.90 2.68 3.20 2.79 2.82 2.71
BRD4-1_4ior_A 3.28 3.14 2.71 2.59 3.35 2.81 3.83 2.70 2.71 4.02 2.76 2.97 2.83 2.81 2.68
BRD4-1_4j0r_A 3.20 3.10 2.80 2.59 3.39 2.83 3.37 2.68 2.81 3.93 2.72 3.51 2.80 2.84 2.53
BRD4-1_4j0s_A 3.21 3.15 2.84 2.53 3.38 2.73 3.08 2.85 2.76 3.83 2.66 3.48 2.80 2.78 2.63
BRD4-1_4lr6_A 3.24 3.22 2.71 2.60 3.24 2.75 3.36 2.72 2.70 3.76 2.66 3.53 2.76 2.73 2.71
BRD4-1_4lys_A 3.24 2.91 2.80 2.87 3.39 2.82 3.49 2.80 2.80 3.91 2.83 3.76 2.81 2.65 2.60
BRD4-1_4lyw_A 3.32 3.23 2.53 2.81 3.28 2.59 3.83 2.85 2.78 4.18 2.67 3.20 2.87 2.75 2.58
BRD4-1_4lzr_A 3.26 3.14 2.81 2.69 3.16 2.86 3.55 2.84 2.63 3.89 2.62 3.15 2.83 2.78 2.68
BRD4-1_4lzs_A 3.42 3.09 2.60 2.67 3.26 2.59 3.58 2.62 2.60 3.95 2.78 3.27 3.00 2.73 2.62
BRD4-1_4men_A 3.34 3.08 2.75 2.57 3.24 2.77 3.27 2.66 2.60 3.58 2.74 3.55 2.89 2.65 2.73
BRD4-1_4meo_A 3.26 3.15 2.64 2.46 3.31 2.81 3.77 2.74 2.70 3.99 2.74 3.04 2.90 2.75 2.74
BRD4-1_4mep_A 3.39 3.06 2.61 2.71 3.18 2.67 3.48 2.89 2.65 3.93 2.65 3.22 2.72 2.71 2.83
BRD4-1_4meq_A 3.30 3.14 2.67 2.68 3.21 2.74 3.06 2.73 2.70 3.63 2.69 3.67 2.87 2.67 2.76
BRD4-1_4mr3_A wat1 0 wat2 Atom O (index 2124) wat3 Atom O (index 2142) wat4 Atom O (index 2126) wat5 Atom O (index 2128)
BRD4-1_4mr4_A 3.36 3.15 2.78 2.67 3.37 2.84 3.62 2.82 2.72 3.97 2.68 3.18 2.86 2.73 2.74
BRD4-1_4nqm_A 3.13 3.14 2.77 2.55 3.33 2.67 3.70 2.76 2.65 3.96 2.67 3.19 2.76 2.80 2.70
BRD4-1_4nr8_A 3.21 3.27 2.84 2.54 3.39 2.82 3.50 2.60 2.58 3.97 2.73 3.12 2.91 2.80 2.82
BRD4-1_4nuc_A wat1 0 wat2 Atom O (index 2109) wat3 Atom O (index 2121) wat4 Atom O (index 2112) wat5 Atom O (index 2114)
BRD4-1_4nud_A 3.18 3.17 2.76 2.59 3.37 2.76 3.55 2.73 2.72 4.03 2.65 3.29 2.82 2.78 2.70
BRD4-1_4nue_A 3.28 3.12 2.75 2.62 3.25 2.77 3.46 2.77 2.71 4.00 2.64 3.30 2.74 2.74 2.73
BRD4-1_4o70_A 3.16 3.37 2.85 2.61 3.39 2.75 3.94 2.80 2.68 4.25 2.73 2.91 2.87 2.74 2.74
BRD4-1_4o70_B 3.31 3.30 2.76 2.60 3.36 2.72 3.98 2.80 2.54 4.04 2.77 3.06 2.81 2.73 2.86
BRD4-1_4o71_A 3.30 3.11 2.80 2.74 3.50 2.78 3.01 2.82 2.86 3.77 2.66 3.76 2.78 2.74 2.50
BRD4-1_4o71_B 3.30 3.13 2.86 2.72 3.47 2.78 3.22 2.69 2.64 4.01 2.49 3.16 2.79 2.76 2.61
BRD4-1_4o72_A 3.17 3.22 2.78 2.60 3.46 2.79 3.55 2.76 2.73 4.13 2.73 3.11 2.88 2.73 2.71
BRD4-1_4o74_A 3.22 3.19 2.79 2.62 3.40 2.80 3.83 2.74 2.70 4.21 2.75 2.97 2.76 2.81 2.72
BRD4-1_4o74_B 3.18 3.15 2.78 2.58 3.34 2.78 3.80 2.69 2.69 4.03 2.78 3.24 2.76 2.77 2.73
BRD4-1_4o75_A 3.27 3.10 2.73 2.59 3.40 2.75 3.36 2.75 2.67 3.77 2.62 3.49 2.79 2.71 2.71
BRD4-1_4o76_A 3.21 3.28 2.77 2.63 3.41 2.83 3.83 2.76 2.65 4.05 2.86 2.97 2.82 2.73 2.79
BRD4-1_4o76_B 3.27 3.45 2.69 2.76 3.31 2.73 3.84 2.83 2.57 3.96 2.94 2.89 2.85 2.79 2.74
BRD4-1_4o76_C 3.40 3.58 2.74 2.63 3.33 2.80 3.81 2.79 2.74 4.21 2.76 2.80 2.76 2.68 2.85
BRD4-1_4o76_D 3.23 3.26 2.74 2.70 3.29 2.73 3.87 2.77 2.62 4.04 2.86 3.11 2.93 2.76 2.74
BRD4-1_4o77_A wat1 Atom O (index 2139) wat2 0 wat3 Atom O (index 2124) wat4 Atom O (index 2123) wat5 Atom O (index 2133)
BRD4-1_4o77_B wat1 Atom O (index 2132) wat2 0 wat3 Atom O (index 2128) wat4 Atom O (index 2140) wat5 Atom O (index 2122)
BRD4-1_4o7a_A 3.37 3.29 2.67 2.63 3.23 2.80 4.16 2.79 2.72 4.11 2.77 2.98 2.86 2.76 2.74
BRD4-1_4o7b_A wat1 Atom O (index 2137) wat2 0 wat3 0 wat4 0 wat5 Atom O (index 2230)
BRD4-1_4o7c_A 3.11 3.14 2.70 2.59 3.56 2.79 3.14 2.85 2.78 3.91 2.65 3.52 2.74 2.74 2.72
BRD4-1_4o7e_A 3.34 3.23 2.73 2.62 3.27 2.82 3.80 2.70 2.76 4.15 2.68 3.04 2.86 2.69 2.64
BRD4-1_4o7e_B 3.19 3.05 2.74 2.58 3.33 2.75 3.56 2.62 2.73 3.92 2.69 3.41 2.77 2.66 2.74
BRD4-1_4o7f_A wat1 0 wat2 0 wat3 Atom O (index 2128) wat4 0 wat5 Atom O (index 2126)
BRD4-1_4o7f_B wat1 0 wat2 0 wat3 Atom O (index 2126) wat4 0 wat5 Atom O (index 2127)
BRD4-1_4ogi_A 3.27 3.20 2.84 2.53 3.40 2.77 3.89 2.69 2.73 4.22 2.72 3.12 2.75 2.69 2.78
BRD4-1_4ogi_B 3.19 3.20 2.86 2.60 3.37 2.75 3.71 2.68 2.68 3.94 2.75 3.37 2.78 2.71 2.67
BRD4-1_4ogj_A 3.18 3.21 2.74 2.69 3.38 2.80 3.80 2.77 2.67 4.03 2.81 3.06 2.90 2.77 2.75
BRD4-1_4ogj_B 3.29 3.31 2.79 2.67 3.29 2.69 3.86 2.81 2.73 4.27 2.83 3.11 2.92 2.77 2.75
BRD4-1_4pce_A 3.24 3.16 2.72 2.62 3.25 2.81 3.61 2.69 2.76 3.90 2.66 3.40 2.85 2.79 2.73
BRD4-1_4pci_A 3.34 3.22 2.80 2.63 3.30 2.86 3.91 2.73 2.70 4.03 2.65 3.11 2.80 2.81 2.72
BRD4-1_4ps5_A 3.43 3.61 2.69 2.64 3.30 2.78 4.04 2.79 2.74 4.29 2.81 3.09 2.96 2.82 2.76
BRD4-1_4ps5_B 3.15 3.25 2.80 2.71 3.38 2.79 3.86 2.76 2.69 4.09 2.80 3.04 2.88 2.81 2.78
BRD4-1_4qb3_A 3.12 3.07 2.74 2.60 3.27 2.75 3.87 2.71 2.68 3.90 2.72 3.23 2.82 2.79 2.69
BRD4-1_4uix_A 3.23 3.18 2.79 2.64 3.28 2.80 3.71 2.80 2.74 4.11 2.71 3.02 2.83 2.73 2.75
BRD4-1_4uix_B 3.24 3.36 2.71 2.61 3.28 2.77 3.54 2.74 2.70 4.01 2.73 3.16 2.78 2.85 2.70
BRD4-1_4uix_C 3.18 3.13 2.77 2.49 3.36 2.80 3.20 2.63 2.70 3.91 2.64 3.38 2.81 2.72 2.66
BRD4-1_4uiy_A 3.14 3.06 2.74 2.64 3.30 2.80 3.74 2.75 2.73 3.96 2.71 3.29 2.85 2.83 2.74
BRD4-1_4uiz_A 3.26 3.18 2.76 2.62 3.28 2.85 4.00 2.75 2.73 4.06 2.76 3.05 2.80 2.81 2.75
BRD4-1_4uyd_A 3.33 3.14 2.72 2.56 3.32 2.84 3.92 2.70 2.72 4.04 2.74 3.05 2.77 2.79 2.75
BRD4-1_4wiv_A 3.06 3.17 2.91 2.50 3.35 2.74 3.02 2.78 2.78 3.64 2.84 3.80 2.90 2.74 2.64
BRD4-1_4xy9_A 3.13 3.16 2.75 2.57 3.27 2.73 3.39 2.71 2.70 3.84 2.66 3.50 2.78 2.73 2.63
BRD4-1_4xya_A 3.02 3.06 2.70 2.63 3.17 2.74 3.13 2.72 2.77 3.84 2.53 3.67 2.75 2.83 2.58
BRD4-1_4z1q_A 3.35 3.28 2.79 2.65 3.27 2.80 4.09 2.76 2.64 4.00 2.79 3.16 2.82 2.83 2.60
BRD4-1_4z1q_B 3.30 3.36 2.80 2.68 3.24 2.74 4.03 2.59 2.71 3.72 2.76 3.64 2.83 2.78 2.61
BRD4-1_4z1s_A 3.32 3.23 2.74 2.64 3.30 2.78 4.21 2.72 2.65 4.07 2.77 3.10 2.84 2.79 2.65
BRD4-1_4z1s_B 3.27 3.26 2.78 2.66 3.33 2.76 4.18 2.71 2.66 4.06 2.74 3.13 2.84 2.78 2.65
BRD4-2_2yem_A 3.01 3.09 2.73 2.71 3.28 2.89 3.29 2.71 2.70 4.02 2.45 3.74 2.76 2.84 2.69
BRD4-2_2yem_B 3.18 3.19 2.76 2.70 3.42 2.65 2.96 2.73 2.73 3.89 2.61 3.80 2.60 2.72 2.57
BRD4-2_4kv4_A 3.11 3.38 2.68 2.62 3.46 2.79 3.28 2.72 2.63 3.89 2.61 3.48 2.79 2.70 2.46
BRD9_4nqn_A 3.03 3.13 2.70 2.43 3.13 2.71 3.04 2.71 2.64 3.67 2.65 3.80 2.71 2.66 2.77
BRD9_4uit_A 3.07 3.15 2.70 2.67 3.20 2.81 3.14 2.73 2.81 3.92 2.71 3.71 2.84 2.78 2.61
BRD9_4uiu_A 3.09 3.15 2.68 2.62 3.22 2.73 2.98 2.77 2.80 3.86 2.73 3.73 2.73 2.72 2.64
BRD9_4uiv_A 3.08 3.15 2.71 2.52 3.15 2.70 3.20 2.77 2.73 3.86 2.56 3.60 2.81 2.69 2.64
BRD9_4uiw_A 3.07 3.24 2.66 2.69 3.09 2.71 3.16 2.70 2.72 3.77 2.65 3.75 2.90 2.70 2.62
BRD9_4xy8_A 3.13 3.11 2.64 2.63 3.12 2.76 2.85 2.70 2.71 3.56 2.69 3.99 2.82 2.65 2.75
BRD9_4z6h_B 3.19 3.38 2.61 2.59 3.22 2.65 2.95 2.71 2.72 3.60 2.77 4.01 2.73 2.89 2.93
BRDT-1_4kcx_A 3.19 3.16 2.34 2.53 3.52 2.98 3.50 2.41 2.71 4.31 2.63 3.24 3.13 2.78 2.56
BRDT-1_4kcx_B 3.08 3.12 2.53 2.71 3.38 3.00 3.52 2.37 2.68 4.31 2.69 3.18 2.92 2.86 2.67
BRPF1_4qyl_A 2.86 3.04 2.66 2.43 3.21 2.87 3.13 2.84 2.87 3.89 2.61 4.13 2.99 2.81 2.66
BRPF1_4qyl_B 3.11 3.19 2.60 2.59 3.15 2.73 2.82 2.75 2.84 3.80 2.90 4.00 2.97 2.75 2.82
BRPF1_4qyl_C 2.96 3.12 2.65 2.57 3.19 2.82 2.90 2.63 2.76 3.88 2.81 3.87 2.98 2.83 2.76
BRPF1_4qyl_D 2.86 2.99 2.74 2.40 3.34 2.74 3.06 2.73 2.79 3.84 2.66 4.03 3.13 2.56 2.85
BRPF1_4uye_A 3.02 3.18 2.62 2.69 3.21 2.73 2.99 2.66 2.72 3.88 2.77 3.82 2.82 2.79 2.68
BRPF1_4uye_B 2.95 3.10 2.71 2.61 3.20 2.82 3.01 2.69 2.72 3.89 2.78 3.93 2.80 2.78 2.72
CREBBP_3p1c_A 3.02 3.29 2.68 2.43 3.56 2.74 3.31 2.96 2.65 3.82 2.64 3.67 2.72 2.78 2.70
CREBBP_3p1c_B 3.20 3.39 2.47 2.76 3.27 2.66 3.17 2.67 2.72 3.66 2.76 3.82 2.72 2.73 2.67
CREBBP_3p1d_A 3.05 3.21 2.67 2.57 3.50 2.72 3.25 2.83 2.60 3.76 2.67 3.57 2.78 2.81 2.73
CREBBP_3p1d_B 3.12 3.41 2.59 2.69 3.34 2.72 3.14 3.03 2.78 3.65 2.67 3.86 2.66 2.74 2.74
CREBBP_3p1e_A 3.00 3.38 2.75 2.61 3.42 2.79 3.40 2.79 2.65 3.93 2.55 3.32 2.85 2.73 2.69
CREBBP_3p1e_B 3.18 3.67 2.55 2.61 3.34 2.89 3.55 2.77 2.65 3.93 2.59 3.10 2.73 2.73 2.72
CREBBP_3p1f_A 3.11 3.25 2.63 2.55 3.34 2.70 3.01 2.81 2.74 3.63 2.66 3.83 2.78 2.75 2.70
CREBBP_3p1f_B 3.04 3.33 2.70 2.59 3.36 2.74 3.19 2.70 2.77 3.82 2.75 3.59 2.79 2.72 2.56
CREBBP_3svh_A 3.08 3.17 2.73 2.76 3.25 2.73 2.96 2.65 2.77 3.72 2.81 3.92 2.80 2.62 2.56
CREBBP_3svh_B 3.07 3.18 2.87 2.63 3.30 2.71 2.93 2.76 2.77 3.71 2.78 3.81 2.77 2.75 2.65
CREBBP_4a9k_A 3.05 3.32 2.83 2.64 3.38 2.79 3.03 2.75 2.72 3.75 2.69 3.69 2.77 2.79 2.68
CREBBP_4a9k_B 3.06 3.39 2.63 2.71 3.25 2.63 3.12 2.75 2.71 3.69 2.78 3.63 2.70 2.76 2.69
CREBBP_4n3w_A wat1 Atom O (index 3151) wat2 0 wat3 Atom O (index 3150) wat4 Atom O (index 3153) wat5 Atom O (index 3027)
CREBBP_4n4f_A 3.01 3.50 2.69 2.60 3.29 2.76 3.00 2.89 2.70 3.64 2.69 3.81 2.80 2.78 2.76
CREBBP_4nr4_A 3.05 3.23 2.73 2.66 3.26 2.79 3.01 2.78 2.76 3.63 2.73 4.01 2.77 2.72 2.73
CREBBP_4nr4_B 3.03 3.41 2.75 2.64 3.30 2.72 3.04 2.80 2.73 3.65 2.72 3.79 2.72 2.67 2.75
CREBBP_4nr5_A 3.16 3.29 2.74 2.62 3.27 2.79 2.89 2.70 2.75 3.73 2.69 3.80 2.78 2.69 2.73
CREBBP_4nr6_A 3.10 3.42 2.76 2.60 3.33 2.75 2.91 2.81 2.64 3.62 2.83 3.68 2.79 2.85 2.79
CREBBP_4nr7_A 3.05 3.32 2.77 2.62 3.41 2.82 3.01 2.78 2.75 3.69 2.74 3.85 2.77 2.77 2.72
CREBBP_4nyv_A 2.93 3.33 2.74 2.61 3.46 2.84 3.32 2.61 2.58 3.69 2.74 3.58 2.87 2.82 2.48
CREBBP_4nyv_B 3.04 3.34 2.73 2.53 3.46 2.74 3.12 2.73 2.71 3.84 2.69 3.45 2.66 2.69 2.70
CREBBP_4nyv_C 3.05 3.44 2.65 2.60 3.35 2.68 3.44 2.57 2.73 3.92 2.85 3.28 2.80 2.74 2.56
CREBBP_4nyv_D 2.97 3.36 2.73 2.64 3.34 2.70 3.48 2.60 2.67 3.82 3.08 3.37 2.76 2.67 2.54
CREBBP_4nyw_A 3.07 3.58 2.71 2.64 3.44 2.76 3.73 2.68 2.65 4.07 2.76 3.00 2.72 2.76 2.67
CREBBP_4nyx_A 2.91 3.51 2.65 2.60 3.40 2.79 3.46 2.70 2.68 3.97 2.71 3.21 2.74 2.74 2.72
PB5_3mb4_A 2.87 2.94 2.80 2.64 3.18 2.88 3.59 2.65 3.09 3.84 2.62 4.39 2.63 4.10 2.72
PB5_3mb4_B 2.92 2.95 2.68 2.50 3.30 2.81 3.71 2.55 2.68 3.95 2.83 3.68 2.69 3.72 2.84
PB5_4q0n_A wat1 Atom O (index 1901) wat2 0 wat3 0 wat4 0 wat5 Atom O (index 1934)
PB5_4q0n_B wat1 Atom O (index 1874) wat2 0 wat3 0 wat4 0 wat5 Atom O (index 1889)
PB5_4q0n_C wat1 Atom O (index 1882) wat2 0 wat3 0 wat4 0 wat5 Atom O (index 1893)
PB5_4q0n_D wat1 Atom O (index 1892) wat2 0 wat3 0 wat4 0 wat5 Atom O (index 1908)
PB5_4q0n_E wat1 Atom O (index 1911) wat2 0 wat3 0 wat4 0 wat5 Atom O (index 1928)
PB5_4q0n_F wat1 Atom O (index 1891) wat2 0 wat3 0 wat4 0 wat5 Atom O (index 1890)
PB5_4q0n_G wat1 Atom O (index 1892) wat2 0 wat3 0 wat4 0 wat5 Atom O (index 1890)
PB5_4q0n_H wat1 Atom O (index 1877) wat2 0 wat3 0 wat4 0 wat5 Atom O (index 1878)
PB5_4q0o_A wat1 Atom O (index 1925) wat2 0 wat3 0 wat4 0 wat5 Atom O (index 1983)
PB5_4y03_A wat1 Atom O (index 1942) wat2 0 wat3 0 wat4 0 wat5 Atom O (index 1931)
PB5_4y03_B wat1 Atom O (index 1926) wat2 0 wat3 0 wat4 0 wat5 Atom O (index 1937)
