ATAD2_4qsp_A_Dih_V2.dat, 1 -59.233 -52.553 90.1144 -169.173 165.051 43.9577 77.0219 -61.4758 -20.8784 -148.614 148.947 -136.406 162.489
ATAD2_4qsq_A_Dih_V2.dat, 1 -57.83 -57.6893 86.118 -168.557 168.951 77.1577 -102.685 -59.6432 -19.0158 -150.131 150.305 -138.923 158.544
ATAD2_4qsr_A_Dih_V2.dat, 1 -49.8201 -56.1373 82.5786 -165.44 166.772 71.8062 74.3438 -64.852 -18.4008 -148.951 150.227 -139.341 156.963
ATAD2_4qss_A_Dih_V2.dat, 1 -59.2626 -51.0763 91.8272 -170.296 164.445 85.3008 -98.4124 -62.2575 -20.8815 -151.528 150.355 -144.862 156.888
ATAD2_4qst_A_Dih_V2.dat, 1 -63.5933 -56.4158 93.4052 -174.951 173.39 60.478 78.7697 -56.912 -26.9001 -150.52 147.286 -134.95 153.777
ATAD2_4qsu_A_Dih_V2.dat, 1 -60.57 -52.1876 92.7176 -171.261 166.116 60.827 74.2745 -62.7492 -23.3935 -146.855 151.108 -140.203 157.426
ATAD2_4qsv_A_Dih_V2.dat, 1 -69.8459 -52.6586 93.3516 -174.3 166.082 55.1656 74.5011 -61.4282 -22.9687 -147.939 145.677 -139.806 157.134
ATAD2_4qsw_A_Dih_V2.dat, 1 -63.214 -49.5946 91.0886 -167.562 166.761 72.0828 74.5144 -62.4535 -21.1881 -145.934 145.672 -138.316 158.693
ATAD2_4qsx_A_Dih_V2.dat, 1 -62.2156 -58.4838 85.9758 -169.628 168.425 56.3679 71.6246 -64.7504 -23.2261 -148.01 148.325 -139.03 156.265
ATAD2_4qut_A_Dih_V2.dat, 1 -59.1358 -47.4717 89.7395 -166.495 168.263 -100.261 -100.525 -63.091 -18.3782 -151.111 147.71 -134.749 159.224
ATAD2_4quu_A_Dih_V2.dat, 1 -55.0567 -50.4965 79.2302 -167.38 167.792 51.5059 68.9004 -65.8807 -17.7588 -150.894 148.149 -132.422 157.058
ATAD2_4tte_A_Dih_V2.dat, 1 -61.6647 -54.3833 -100.402 -168.315 -8.85732 57.8814 74.2594 -67.3835 -17.9071 -146.836 148.09 -139.383 158.502
ATAD2_4tu4_A_Dih_V2.dat, 1 -57.6418 -54.1247 83.6583 -168.124 170.583 60.5708 77.6532 -68.1643 -14.5221 -149.872 147.085 -140.41 158.213
ATAD2_4tyl_A_Dih_V2.dat, 1 -67.2333 -47.515 93.1604 -172.864 166.689 57.9448 76.9728 -63.8893 -18.0844 -147.442 149.053 -132.699 155.465
ATAD2_4tz2_A_Dih_V2.dat, 1 -56.6578 -51.6805 80.7742 -165.046 163.485 71.1497 68.6431 -64.3417 -21.9609 -147.716 146.606 -130.371 156.487
BAZ2B_3q2f_A_Dih_V2.dat, 1 -58.0223 -47.5681 96.6253 -150.805 161.409 -54.7186 79.5406 -74.1523 -17.384 -154.552 154.37 -129.449 161.339
BAZ2B_4cup_A_Dih_V2.dat, 1 -61.1375 -45.2643 -101.62 -154.844 165.123 -48.2663 75.8045 -72.0892 -9.43907 -152.47 148.229 -127.941 157.833
BAZ2B_4cur_A_Dih_V2.dat, 1 -58.4114 -46.5735 81.3562 -153.034 162.509 -32.4512 76.429 -75.3128 -10.3517 -151.985 149.843 -126.996 157.693
BAZ2B_4cus_A_Dih_V2.dat, 1 -62.4548 -45.3164 91.6477 -154.079 165.62 -54.2161 79.4677 -74.0607 -13.7329 -153.316 148.402 -131.174 159.367
BAZ2B_4cut_A_Dih_V2.dat, 1 -64.5664 -43.9192 87.7618 -153.422 166.723 -105.516 78.09 -73.3094 -14.1499 -151.552 148.241 -130.556 158.963
BAZ2B_4cuu_A_Dih_V2.dat, 1 -62.2381 -44.5809 94.9176 -152.681 164.907 -47.7132 78.0 -73.6656 -11.5864 -151.535 151.943 -128.328 156.934
BAZ2B_4ir3_A_Dih_V2.dat, 1 -64.917 -45.1029 99.142 -154.688 167.757 -48.3367 79.6992 -73.0249 -15.4184 -153.984 146.364 -126.189 155.272
BAZ2B_4ir4_A_Dih_V2.dat, 1 -60.354 -49.6642 96.5404 -150.631 169.475 -39.3434 -101.481 -71.6872 -11.7481 -154.775 153.674 -124.74 157.089
BAZ2B_4ir5_A_Dih_V2.dat, 1 -59.8679 -47.773 93.9752 -158.624 163.151 7.91267 78.6823 -69.23 -16.4043 -152.473 151.549 -126.819 163.18
BAZ2B_4ir6_A_Dih_V2.dat, 1 -59.6206 -51.9327 88.4203 -154.417 164.667 -29.9351 75.6097 -73.9056 -10.6958 -154.094 153.236 -128.826 159.431
BAZ2B_4nr9_A_Dih_V2.dat, 1 -65.0736 -45.0089 96.9837 -156.243 169.782 -84.3132 80.2624 -70.2456 -12.076 -153.527 149.029 -133.204 159.161
BAZ2B_4nra_A_Dih_V2.dat, 1 -60.9806 -45.6844 96.1297 -152.949 165.772 -82.3593 80.1398 -71.0569 -13.9874 -149.455 150.055 -128.369 158.144
BAZ2B_4nrb_A_Dih_V2.dat, 1 -61.6852 -47.9136 96.8939 -155.443 167.585 -13.7782 78.2116 -70.3717 -17.9413 -152.153 143.842 -126.735 159.737
BAZ2B_4nrc_A_Dih_V2.dat, 1 -58.4258 -49.4628 97.4407 -154.738 168.376 -53.0885 77.2366 -71.3128 -13.6091 -152.394 145.442 -123.855 159.474
BAZ2B_4rvr_A_Dih_V2.dat, 1 -61.2062 -53.9761 95.8121 -154.876 168.762 -110.401 76.8149 -71.3087 -14.7169 -149.55 150.069 -128.805 163.492
BAZ2B_4xua_A_Dih_V2.dat, 1 -66.7442 -35.9403 110.281 178.963 165.285 -35.0951 78.5913 -71.3819 -12.2859 -153.511 155.74 -133.146 159.851
BAZ2B_4xub_A_Dih_V2.dat, 1 -56.1487 -49.3359 91.1199 -151.006 166.405 -56.29 78.5956 -70.791 -10.9419 -153.702 155.415 -129.142 159.003
BPTF_3qzt_A_Dih_V2.dat, 1 -53.7205 -46.9518 97.3671 -171.802 162.437 79.7273 -99.6074 -72.4307 -13.1857 -156.737 155.637 -134.461 164.812
BRD1_5ame_A_Dih_V2.dat, 1 -57.0037 -40.0183 68.8698 -169.881 165.867 87.9712 83.0615 -66.5393 -28.4407 -154.204 157.802 -131.366 159.565
BRD1_5ame_B_Dih_V2.dat, 1 -56.6576 -45.2984 68.3351 -166.157 164.668 89.5518 81.2139 -64.6737 -34.0315 -149.605 158.367 -135.135 162.586
BRD1_5amf_A_Dih_V2.dat, 1 -53.7001 -36.7213 62.0957 -171.266 166.879 89.637 87.2688 -67.0437 -32.0003 -151.003 157.665 -128.649 160.413
BRD1_5amf_B_Dih_V2.dat, 1 -56.866 -48.4991 68.666 -167.002 167.204 82.59 77.0604 -65.0937 -35.0602 -150.756 160.208 -134.951 161.176
BRD2-1_2ydw_A_Dih_V2.dat, 1 -57.0846 -51.4546 83.876 -173.467 169.215 72.3068 71.5185 -65.9804 -16.9098 -151.478 152.252 -143.638 156.502
BRD2-1_2ydw_B_Dih_V2.dat, 1 -55.1138 -49.9932 89.5355 -172.874 165.602 73.0066 73.0514 -68.5438 -23.0384 -153.971 153.662 -145.154 157.479
BRD2-1_2ydw_C_Dih_V2.dat, 1 -59.0464 -48.1662 87.1333 -173.686 166.969 69.246 68.0738 -68.5459 -17.3978 -150.393 152.539 -145.697 158.578
BRD2-1_3aqa_A_Dih_V2.dat, 1 -53.9714 -55.509 85.2936 -174.756 161.263 73.0429 75.6515 -73.1014 -14.0898 -157.898 150.387 -146.379 162.109
BRD2-1_3aqa_B_Dih_V2.dat, 1 -57.089 -52.6215 90.38 -169.3 167.566 74.388 82.3807 -68.2973 -14.0408 -153.077 148.627 -142.936 158.203
BRD2-1_3aqa_C_Dih_V2.dat, 1 -49.6688 -61.9537 79.6039 -167.269 166.037 77.9095 71.9943 -71.3049 -14.0509 -155.758 150.85 -131.224 155.152
BRD2-1_4a9e_A_Dih_V2.dat, 1 -53.5224 -48.5781 84.9167 -173.657 167.243 76.431 74.2496 -69.315 -12.5705 -151.333 153.442 -148.182 158.112
BRD2-1_4a9e_B_Dih_V2.dat, 1 -55.1629 -50.4929 85.3845 -176.948 167.834 78.2895 76.5472 -69.7693 -11.9054 -150.043 151.259 -147.322 158.916
BRD2-1_4a9e_C_Dih_V2.dat, 1 -56.9174 -49.5394 80.5633 -174.964 168.086 74.1154 72.9279 -69.6023 -13.4643 -154.44 151.478 -143.747 158.826
BRD2-1_4a9f_A_Dih_V2.dat, 1 -53.1465 -51.8887 82.3384 -172.781 168.205 72.5736 71.647 -68.7192 -14.8598 -151.706 150.016 -144.611 159.488
BRD2-1_4a9f_B_Dih_V2.dat, 1 -59.1123 -50.6481 84.376 -175.156 167.815 72.4399 74.641 -71.9069 -13.781 -152.78 149.599 -148.719 162.603
BRD2-1_4a9f_C_Dih_V2.dat, 1 -55.913 -48.9338 82.0844 -173.485 167.939 72.9267 73.6893 -70.1912 -12.8578 -155.246 151.063 -147.475 157.446
BRD2-1_4a9h_A_Dih_V2.dat, 1 -53.3953 -49.2686 87.8066 -174.66 172.38 85.8156 72.1869 -68.4034 -13.3488 -151.964 151.984 -150.397 159.256
BRD2-1_4a9h_B_Dih_V2.dat, 1 -54.6388 -52.188 88.7005 -174.277 170.075 78.9081 76.5809 -67.5033 -16.6609 -155.988 148.839 -146.732 163.182
BRD2-1_4a9h_C_Dih_V2.dat, 1 -51.4403 -54.2626 85.6209 -172.077 170.394 83.5749 75.5787 -69.9773 -16.2095 -154.3 152.63 -146.848 161.036
BRD2-1_4a9j_A_Dih_V2.dat, 1 -55.0971 -49.8286 95.9607 -172.811 171.367 74.0312 74.3852 -69.994 -10.6667 -152.861 152.637 -144.433 158.863
BRD2-1_4a9j_B_Dih_V2.dat, 1 -58.0079 -47.7239 94.3704 -174.65 171.392 65.4093 77.1274 -71.6532 -12.5123 -153.193 147.619 -145.306 159.356
BRD2-1_4a9j_C_Dih_V2.dat, 1 -53.4747 -51.3745 92.8131 -172.897 166.652 68.0374 73.9993 -71.7171 -10.0884 -153.552 151.46 -143.238 156.924
BRD2-1_4a9m_A_Dih_V2.dat, 1 -53.5298 -55.0018 85.1066 -175.322 170.183 75.3113 75.2861 -66.2945 -12.3061 -157.932 149.969 -146.086 158.172
BRD2-1_4a9m_B_Dih_V2.dat, 1 -57.5789 -49.9403 84.3395 -175.035 166.154 80.6151 81.0847 -70.4946 -11.0029 -153.147 150.087 -137.11 162.663
BRD2-1_4a9m_C_Dih_V2.dat, 1 -44.6744 -51.9812 86.4174 -171.444 165.528 78.1052 77.8868 -72.8066 -9.71725 -152.067 151.579 -144.732 161.023
BRD2-1_4a9n_A_Dih_V2.dat, 1 -53.7194 -49.7536 80.7366 -174.414 169.76 73.4641 70.9244 -67.1851 -16.9866 -151.114 151.389 -147.336 158.292
BRD2-1_4a9n_B_Dih_V2.dat, 1 -58.0876 -48.9595 80.8591 -173.908 168.94 75.9048 76.5672 -70.2737 -13.7559 -151.206 149.624 -146.482 159.876
BRD2-1_4a9n_C_Dih_V2.dat, 1 -56.7551 -52.3002 79.1806 -173.62 167.312 75.7868 76.8804 -69.6801 -12.044 -157.248 149.63 -142.18 159.778
BRD2-1_4a9o_A_Dih_V2.dat, 1 -55.4924 -51.0931 84.3271 -174.047 170.223 74.9914 77.1085 -67.4189 -18.6787 -153.085 150.312 -146.349 163.394
BRD2-1_4a9o_B_Dih_V2.dat, 1 -57.7147 -52.7591 84.4929 -174.66 168.312 76.5815 77.9723 -66.5807 -17.8253 -153.243 150.659 -150.814 162.78
BRD2-1_4a9o_C_Dih_V2.dat, 1 -55.1027 -50.9697 84.4965 -172.793 164.182 76.0411 76.0376 -71.0888 -15.4063 -152.873 153.065 -143.333 157.904
BRD2-1_4akn_A_Dih_V2.dat, 1 -53.0773 -50.6712 80.3411 -174.989 168.501 76.6084 76.8065 -68.5896 -14.6951 -152.918 150.95 -146.274 160.995
BRD2-1_4akn_B_Dih_V2.dat, 1 -56.8068 -49.7865 81.2231 -175.604 166.335 76.3564 75.7513 -70.2161 -13.3695 -152.856 150.662 -147.998 162.928
BRD2-1_4akn_C_Dih_V2.dat, 1 -54.9925 -50.3397 82.8497 -172.823 167.273 76.184 76.0056 -69.9997 -13.138 -154.801 149.887 -144.372 157.859
BRD2-1_4alg_A_Dih_V2.dat, 1 -54.026 -43.4109 81.245 -175.417 171.565 80.7589 78.0774 -70.6668 -14.935 -154.53 150.593 -150.091 160.525
BRD2-1_4alh_A_Dih_V2.dat, 1 -58.5363 -51.1042 81.262 -175.657 168.66 75.2113 72.6739 -67.1299 -18.5822 -150.834 149.321 -147.635 160.267
BRD2-1_4alh_B_Dih_V2.dat, 1 -57.9183 -51.4757 83.5316 -175.096 171.955 77.5131 77.077 -66.2559 -20.0572 -150.473 148.361 -149.004 163.579
BRD2-1_4alh_C_Dih_V2.dat, 1 -52.3905 -51.6379 80.7761 -174.143 168.599 75.808 75.437 -69.0531 -16.3366 -153.618 151.329 -144.948 161.616
BRD2-1_4uyf_A_Dih_V2.dat, 1 -54.9967 -51.7966 80.9912 -172.533 167.386 77.4828 75.9942 -69.5496 -14.5858 -152.546 150.57 -127.926 162.967
BRD2-1_4uyf_B_Dih_V2.dat, 1 -58.7074 -49.1176 80.814 -172.804 168.706 76.122 75.0095 -73.0336 -12.5278 -152.987 149.274 -144.645 160.44
BRD2-1_4uyf_C_Dih_V2.dat, 1 -57.6124 -48.0252 80.8363 -172.076 165.176 77.9259 77.2552 -73.0359 -12.6901 -154.069 153.36 -140.204 158.993
BRD2-1_4uyh_A_Dih_V2.dat, 1 -51.919 -50.4959 91.9331 -172.773 168.208 75.6046 75.458 -68.0032 -13.3707 -153.481 151.19 -134.089 159.732
BRD2-1_4uyh_B_Dih_V2.dat, 1 -58.3745 -49.5766 93.8857 -174.381 172.477 72.919 73.0567 -71.866 -11.3812 -150.894 149.433 -149.921 160.312
BRD2-1_4uyh_C_Dih_V2.dat, 1 -54.4497 -50.205 98.3517 -172.86 165.293 71.2968 73.8575 -69.6213 -13.3936 -153.064 152.922 -145.955 157.293
BRD2-2_3oni_A_Dih_V2.dat, 1 -56.7647 -48.3864 86.6175 -168.033 161.881 77.6915 -100.565 -63.7438 -18.7619 -153.411 149.75 -135.118 163.148
BRD2-2_4j1p_A_Dih_V2.dat, 1 -56.7297 -51.9195 86.4522 -172.827 162.586 78.596 75.1002 -64.4035 -18.8978 -151.5 152.942 -137.805 163.333
BRD2-2_4mr5_A_Dih_V2.dat, 1 -57.0746 -45.7024 85.5325 -168.724 166.095 75.1336 -99.1038 -64.3292 -17.554 -150.223 149.347 -137.84 163.258
BRD2-2_4qev_A_Dih_V2.dat, 1 -59.456 -50.0487 86.1805 -172.256 161.779 71.224 72.7972 -65.1568 -17.1636 -154.528 151.627 -132.131 160.839
BRD2-2_4qew_A_Dih_V2.dat, 1 -59.6937 -49.2745 86.9927 -172.566 162.763 70.7554 72.5605 -65.5525 -16.0636 -154.235 147.989 -132.27 162.04
BRD2-2_4uyg_A_Dih_V2.dat, 1 -60.9809 -51.1634 87.9861 -174.02 162.693 70.497 71.9233 -62.469 -17.2871 -145.212 151.268 -135.071 161.768
BRD2-2_4uyg_B_Dih_V2.dat, 1 -49.4902 -49.9077 85.915 -171.444 158.429 80.6544 81.8938 -61.0641 -20.2519 -162.762 149.438 -121.756 169.867
BRD2-2_4uyg_C_Dih_V2.dat, 1 -48.2686 -53.4584 82.3411 -168.583 165.71 82.1849 82.1406 -68.786 -9.75808 -147.772 156.414 -129.319 166.117
BRD2-2_4uyg_D_Dih_V2.dat, 1 -57.0813 -47.9339 83.1259 -173.94 164.904 85.2273 88.6941 -71.7397 -11.1312 -149.937 149.528 -139.08 159.485
BRD2-2_4uyg_E_Dih_V2.dat, 1 -68.9158 -48.7181 76.6219 -172.442 162.439 73.5587 75.7521 -65.7071 -16.1644 -160.459 147.368 -116.858 168.834
BRD2-2_4uyg_F_Dih_V2.dat, 1 -61.9293 -66.1242 79.4345 -169.47 165.063 70.3525 71.6102 -65.3963 -16.6765 -153.285 148.73 -138.848 165.239
BRD3-1_3s91_A_Dih_V2.dat, 1 -55.405 -52.2125 92.0612 -170.671 166.663 66.1556 72.3283 -64.4145 -18.2329 -153.206 148.037 -139.763 161.164
BRD3-2_3s92_A_Dih_V2.dat, 1 -58.797 -45.6267 85.4271 -172.248 166.067 72.0744 74.073 -63.9916 -18.2332 -154.642 147.769 -142.769 164.436
BRD4-1_2yel_A_Dih_V2.dat, 1 -56.2516 -50.3119 83.7196 -173.535 168.252 74.2907 73.5439 -68.1591 -16.7733 -157.583 148.428 -157.198 163.006
BRD4-1_3jvk_A_Dih_V2.dat, 1 -54.7474 -53.3146 84.3499 -173.081 164.746 70.8471 74.7345 -62.0379 -17.8775 -156.182 146.909 -152.93 163.494
BRD4-1_3mxf_A_Dih_V2.dat, 1 -59.0185 -50.0448 93.2511 -173.403 166.92 74.4079 73.4342 -67.5514 -20.9056 -157.374 150.018 -155.901 162.649
BRD4-1_3p5o_A_Dih_V2.dat, 1 -57.9702 -49.7988 94.3857 -174.195 163.089 74.829 71.4872 -67.9544 -18.2844 -158.901 150.927 -158.793 162.953
BRD4-1_3svf_A_Dih_V2.dat, 1 -64.1893 -50.1587 92.1533 -176.464 162.744 75.68 -94.6686 -67.4507 -15.1553 -158.541 145.352 -159.979 161.381
BRD4-1_3svg_A_Dih_V2.dat, 1 -56.5898 -55.8313 89.6153 -175.07 168.139 77.5557 75.5252 -61.4252 -18.9994 -158.969 146.83 -157.111 162.03
BRD4-1_3u5j_A_Dih_V2.dat, 1 -60.7157 -50.029 91.1271 -174.272 168.139 75.0572 73.2762 -68.6295 -18.0731 -157.919 150.745 -156.533 163.019
BRD4-1_3u5k_A_Dih_V2.dat, 1 -59.5679 -47.7194 90.0505 -176.061 173.663 84.4685 -99.7068 -74.6199 -13.3894 -156.526 152.835 -150.054 164.864
BRD4-1_3u5k_B_Dih_V2.dat, 1 -59.3568 -50.3181 93.7701 -175.93 152.08 80.8008 78.0515 -59.9591 -15.8034 -166.729 150.714 -165.322 162.294
BRD4-1_3u5k_C_Dih_V2.dat, 1 -55.3248 -47.5579 -110.085 -173.272 165.152 57.4731 76.2247 -69.4874 -16.9583 -153.137 159.678 -143.138 158.773
BRD4-1_3u5k_D_Dih_V2.dat, 1 -55.1122 -48.9534 86.4615 -167.183 -175.494 65.842 -101.699 -71.9917 -16.5636 -151.183 156.938 -151.562 161.977
BRD4-1_3u5l_A_Dih_V2.dat, 1 -56.1878 -51.4301 92.1601 -173.153 166.789 73.1677 74.1812 -64.5992 -19.5401 -157.213 152.192 -158.753 161.769
BRD4-1_3uvw_A_Dih_V2.dat, 1 -58.2546 -52.4168 93.5412 -171.13 164.814 81.434 75.6053 -66.2043 -15.4255 -159.038 150.646 -155.717 161.454
BRD4-1_3zyu_A_Dih_V2.dat, 1 -56.9415 -52.9825 82.7434 -176.451 167.008 75.5763 74.4627 -70.3294 -13.176 -158.241 151.218 -156.651 162.219
BRD4-1_3zyu_B_Dih_V2.dat, 1 -56.6051 -52.599 84.3583 -175.849 164.723 76.2681 75.063 -64.334 -13.4749 -158.101 149.432 -153.236 165.864
BRD4-1_4a9l_A_Dih_V2.dat, 1 -57.4415 -51.3052 -108.792 -178.223 166.305 81.0867 79.0712 -69.0432 -13.7773 -152.954 153.692 -155.933 160.835
BRD4-1_4bjx_A_Dih_V2.dat, 1 -58.5377 -50.9689 85.4075 -174.524 164.088 80.0272 78.2665 -66.8292 -19.3994 -156.473 150.043 -156.305 165.18
BRD4-1_4bw1_A_Dih_V2.dat, 1 -57.1044 -52.9973 83.3903 -176.646 165.854 74.6186 75.6421 -68.4459 -15.4772 -158.274 151.2 -155.295 162.152
BRD4-1_4bw2_A_Dih_V2.dat, 1 -54.5419 -52.3946 -108.524 -175.796 168.436 74.0146 78.2372 -65.9609 -17.3905 -158.001 152.073 -152.958 162.313
BRD4-1_4bw3_A_Dih_V2.dat, 1 -59.8883 -53.3849 -109.786 -174.796 163.039 74.8095 77.8601 -67.7386 -16.6182 -161.021 151.795 -158.748 160.675
BRD4-1_4bw4_A_Dih_V2.dat, 1 -58.6618 -53.933 -111.412 -175.746 163.684 71.3109 77.3737 -71.1476 -14.5381 -158.721 149.747 -156.639 162.49
BRD4-1_4c66_A_Dih_V2.dat, 1 -50.3377 -57.1616 92.5619 -176.04 170.496 83.2965 75.0413 -69.4343 -14.0101 -159.169 152.587 -159.716 161.483
BRD4-1_4c67_A_Dih_V2.dat, 1 -58.6709 -50.6123 85.5046 -174.828 166.14 71.8793 70.9713 -66.1526 -19.7031 -158.295 150.456 -159.313 163.316
BRD4-1_4cfk_A_Dih_V2.dat, 1 -54.1953 -50.0055 -103.897 -176.896 165.667 77.1848 75.6644 -66.8214 -17.2507 -156.318 149.615 -158.277 163.822
BRD4-1_4cfl_A_Dih_V2.dat, 1 -57.2852 -51.5081 84.5885 -175.894 167.497 73.4009 73.6699 -67.3706 -20.6955 -157.669 149.471 -157.515 164.935
BRD4-1_4cl9_A_Dih_V2.dat, 1 -56.0691 -49.7495 90.9814 -176.637 165.749 83.1398 78.331 -67.1997 -17.7038 -156.779 150.937 -159.267 163.164
BRD4-1_4clb_A_Dih_V2.dat, 1 -58.8335 -50.4646 86.242 -173.939 163.73 81.0122 79.8767 -66.4673 -15.6641 -156.212 152.696 -154.909 164.849
BRD4-1_4don_A_Dih_V2.dat, 1 -54.278 -52.659 93.315 -173.956 167.141 72.1768 76.22 -69.4957 -13.7626 -155.088 150.418 -156.654 163.623
BRD4-1_4e96_A_Dih_V2.dat, 1 -54.9312 -59.7396 90.2567 -173.282 159.819 70.7838 69.5243 -70.8047 -15.795 -155.143 152.818 -153.606 163.085
BRD4-1_4f3i_A_Dih_V2.dat, 1 -55.4431 -53.4389 94.8463 -174.428 165.485 73.5989 72.8045 -65.714 -20.4329 -157.68 149.603 -159.565 165.995
BRD4-1_4gpj_A_Dih_V2.dat, 1 -55.9999 -53.8356 96.1524 -173.769 168.052 76.5816 73.3308 -66.2272 -19.064 -156.243 150.697 -156.761 162.965
BRD4-1_4hbv_A_Dih_V2.dat, 1 -54.8943 -57.1329 88.6362 -168.643 165.013 79.4372 73.9282 -69.6673 -15.2196 -150.413 153.642 -153.902 162.199
BRD4-1_4hbw_A_Dih_V2.dat, 1 -53.1458 -53.387 91.8038 -171.681 161.371 79.9686 74.778 -72.4862 -11.9262 -154.954 152.704 -154.083 162.848
BRD4-1_4hbx_A_Dih_V2.dat, 1 -58.2684 -53.1962 94.1905 -174.883 166.817 76.1967 77.4147 -72.8786 -10.1885 -158.779 155.617 -154.643 161.192
BRD4-1_4hby_A_Dih_V2.dat, 1 -55.5077 -52.9178 88.783 -171.779 164.934 75.0003 74.4067 -63.6152 -15.2084 -156.372 153.397 -157.116 160.154
BRD4-1_4hxk_A_Dih_V2.dat, 1 -57.7305 -49.1333 81.4616 -172.241 165.228 74.957 65.1382 -65.528 -17.0936 -152.673 148.148 -157.073 167.422
BRD4-1_4hxl_A_Dih_V2.dat, 1 -52.1677 -50.9962 88.3787 -172.513 167.025 65.6828 68.7213 -67.2158 -14.7951 -158.063 149.587 -157.445 161.164
BRD4-1_4hxm_A_Dih_V2.dat, 1 -54.3878 -51.4904 89.5004 -173.612 166.179 62.9855 70.8502 -69.3827 -14.0089 -156.809 149.685 -156.078 161.072
BRD4-1_4hxn_A_Dih_V2.dat, 1 -56.4457 -51.6554 91.9021 -173.091 165.616 66.9439 67.7919 -68.3744 -13.842 -156.968 146.502 -156.128 162.273
BRD4-1_4hxo_A_Dih_V2.dat, 1 -58.9012 -58.0822 87.1104 -178.92 164.371 76.0249 70.7136 -67.5407 -17.7822 -154.688 151.756 -154.948 166.539
BRD4-1_4hxp_A_Dih_V2.dat, 1 -58.1932 -52.8646 88.7036 -173.623 168.009 72.8825 74.5887 -68.8065 -13.5645 -153.554 146.522 -154.766 160.566
BRD4-1_4hxr_A_Dih_V2.dat, 1 -56.0473 -51.847 88.916 -174.229 167.709 67.3591 67.7394 -68.3713 -15.0467 -158.948 148.527 -159.075 161.7
BRD4-1_4hxs_A_Dih_V2.dat, 1 -55.6867 -51.9379 91.1266 -174.523 164.524 65.4114 67.7868 -68.9722 -14.455 -159.179 147.277 -155.758 162.387
BRD4-1_4ioo_A_Dih_V2.dat, 1 -58.1654 -51.4099 88.768 -175.238 163.68 75.2565 74.4935 -68.8676 -15.0346 -157.513 150.378 -161.493 162.414
BRD4-1_4ioq_A_Dih_V2.dat, 1 -55.4747 -50.3121 91.2268 -174.605 166.31 70.1516 73.66 -70.4874 -12.5916 -157.318 150.449 -160.31 158.323
BRD4-1_4ior_A_Dih_V2.dat, 1 -58.3449 -50.8068 89.637 -175.109 165.993 72.349 73.2963 -70.6779 -12.6606 -156.841 148.593 -162.981 159.661
BRD4-1_4j0r_A_Dih_V2.dat, 1 -59.381 -49.7041 90.1209 -175.351 164.005 72.7042 66.8316 -65.0462 -16.785 -157.942 151.289 -153.729 163.376
BRD4-1_4j0s_A_Dih_V2.dat, 1 -58.7865 -47.337 90.4734 -177.846 169.408 78.7734 76.4284 -65.7189 -15.7887 -161.229 154.18 -157.487 162.997
BRD4-1_4lr6_A_Dih_V2.dat, 1 -55.0261 -53.5852 90.8067 -173.927 166.941 73.1404 73.4668 -67.6466 -16.8525 -155.446 151.3 -158.289 162.529
BRD4-1_4lys_A_Dih_V2.dat, 1 -59.2626 -45.3327 -109.51 -178.16 170.853 76.8639 80.0277 -67.1084 -17.6731 -151.722 154.693 -154.518 165.837
BRD4-1_4lyw_A_Dih_V2.dat, 1 -58.6921 -48.3101 -109.167 -175.638 163.391 67.4144 70.4102 -66.1054 -20.2855 -152.135 150.3 -158.494 162.511
BRD4-1_4lzr_A_Dih_V2.dat, 1 -59.7223 -49.7868 93.8019 -175.813 166.667 69.7195 71.1993 -68.3976 -16.5063 -155.985 154.457 -162.872 157.935
BRD4-1_4lzs_A_Dih_V2.dat, 1 -61.4784 -49.9968 -109.023 -179.214 170.238 78.5753 78.7077 -66.7852 -21.8757 -155.854 150.921 -156.961 163.921
BRD4-1_4men_A_Dih_V2.dat, 1 -50.6387 -53.7672 92.1177 -168.412 166.489 75.9984 76.8275 -60.578 -20.4301 -157.46 151.541 -159.712 161.46
BRD4-1_4meo_A_Dih_V2.dat, 1 -56.9339 -51.7217 91.9696 -174.652 164.015 72.1671 71.7948 -65.5165 -17.5987 -155.191 150.207 -160.445 159.305
BRD4-1_4mep_A_Dih_V2.dat, 1 -56.7766 -51.51 92.3384 -173.558 169.127 74.2811 -97.9912 -70.316 -14.4955 -153.916 149.793 -155.22 160.439
BRD4-1_4meq_A_Dih_V2.dat, 1 -53.4048 -52.7589 92.1103 -172.474 163.148 73.0921 72.4248 -66.5391 -15.2811 -151.994 154.263 -158.623 159.459
BRD4-1_4mr3_A_Dih_V2.dat, 1 -56.2114 -55.4255 94.1907 -174.51 169.038 -88.3278 82.0556 -68.2515 -11.8978 -156.221 151.857 -160.985 157.85
BRD4-1_4mr4_A_Dih_V2.dat, 1 -54.9921 -50.3673 92.8622 -170.697 164.255 70.7731 71.8411 -67.5142 -15.0758 -153.3 153.369 -159.499 163.174
BRD4-1_4nqm_A_Dih_V2.dat, 1 -55.7716 -54.0411 92.0979 -173.518 166.913 71.8373 71.0471 -67.648 -16.6529 -157.662 144.797 -158.251 160.371
BRD4-1_4nr8_A_Dih_V2.dat, 1 -56.8221 -50.205 88.7192 -171.31 166.825 69.0515 77.3359 -64.5631 -20.445 -155.565 151.808 -151.455 160.902
BRD4-1_4nuc_A_Dih_V2.dat, 1 -55.7174 -52.2788 92.8876 -173.539 166.398 80.3209 79.4873 -64.4261 -16.9699 -158.431 154.53 -158.577 165.347
BRD4-1_4nud_A_Dih_V2.dat, 1 -53.7456 -50.2938 94.0036 -171.146 165.276 69.9218 73.7601 -67.6662 -13.7269 -157.962 153.892 -158.411 162.623
BRD4-1_4nue_A_Dih_V2.dat, 1 -49.345 -51.1577 91.6292 -170.666 163.256 79.2374 77.4206 -64.9616 -16.0048 -158.695 152.788 -157.22 162.443
BRD4-1_4o70_A_Dih_V2.dat, 1 -55.9412 -51.1105 85.5444 -174.284 167.805 70.792 70.7801 -73.2485 -10.2153 -160.816 153.291 -155.804 162.227
BRD4-1_4o70_B_Dih_V2.dat, 1 -61.4349 -47.9596 91.188 -176.408 171.95 68.1484 69.5887 -70.6369 -14.7887 -161.158 156.077 -150.626 165.351
BRD4-1_4o71_A_Dih_V2.dat, 1 -56.3554 -49.3855 84.3755 -172.455 166.213 70.6333 70.0542 -67.0532 -14.1122 -158.603 152.612 -158.02 162.185
BRD4-1_4o71_B_Dih_V2.dat, 1 -55.934 -49.2669 86.0077 -173.509 162.03 72.5561 72.2014 -64.8552 -16.428 -159.118 153.417 -151.331 164.219
BRD4-1_4o72_A_Dih_V2.dat, 1 -56.3699 -45.509 81.159 -174.221 165.848 75.4281 75.5316 -65.6109 -22.4759 -156.511 151.254 -157.503 163.085
BRD4-1_4o74_A_Dih_V2.dat, 1 -57.4239 -49.7976 83.3681 -173.443 163.677 79.4588 78.999 -66.8556 -16.9831 -158.525 152.493 -157.852 161.386
BRD4-1_4o74_B_Dih_V2.dat, 1 -59.7495 -50.2374 -96.605 -176.737 167.666 77.5459 75.2272 -65.4157 -20.2536 -156.681 152.308 -157.347 159.961
BRD4-1_4o75_A_Dih_V2.dat, 1 -59.3506 -52.2228 81.6589 -175.235 163.505 78.9398 79.2701 -69.3153 -15.7013 -160.553 151.036 -156.233 161.89
BRD4-1_4o76_A_Dih_V2.dat, 1 -62.0407 -47.8412 88.025 -176.338 163.105 67.9745 69.0152 -70.4768 -7.42571 -162.099 148.705 -156.455 162.351
BRD4-1_4o76_B_Dih_V2.dat, 1 -56.6819 -49.2424 88.0369 -173.626 162.037 68.4882 67.0665 -65.1516 -11.7027 -162.315 152.423 -143.581 163.045
BRD4-1_4o76_C_Dih_V2.dat, 1 -60.6049 -50.1516 84.9968 -175.552 163.269 69.0224 67.3324 -68.7768 -10.4084 -154.342 150.191 -145.598 163.41
BRD4-1_4o76_D_Dih_V2.dat, 1 -55.4001 -49.9941 89.3643 -172.174 165.523 41.6258 70.0298 -65.0793 -13.6992 -153.507 151.549 -159.422 158.621
BRD4-1_4o77_A_Dih_V2.dat, 1 -57.5951 -51.8613 88.5335 -176.151 167.465 75.0962 73.7876 -66.037 -14.6339 -160.996 151.647 -147.083 160.803
BRD4-1_4o77_B_Dih_V2.dat, 1 -54.0757 -52.8861 -110.098 -172.152 168.272 71.4628 74.4623 -67.8099 -14.469 -157.869 149.09 -155.954 161.624
BRD4-1_4o7a_A_Dih_V2.dat, 1 -55.9579 -49.5773 81.595 -172.404 166.471 73.9319 74.0843 -66.7437 -16.6164 -156.776 150.351 -161.179 161.405
BRD4-1_4o7b_A_Dih_V2.dat, 1 -57.7923 -52.7086 83.169 -173.416 163.829 73.3775 73.1322 -68.9142 -13.5536 -159.919 152.584 -161.879 165.912
BRD4-1_4o7c_A_Dih_V2.dat, 1 -54.9739 -54.8191 82.3437 -174.602 164.14 39.9379 68.6534 -68.6083 -17.461 -156.728 153.937 -161.561 159.996
BRD4-1_4o7e_A_Dih_V2.dat, 1 -55.5821 -50.3285 -107.231 -170.943 160.54 73.9867 75.0615 -71.9365 -8.73374 -160.559 149.872 -159.606 162.075
BRD4-1_4o7e_B_Dih_V2.dat, 1 -58.0442 -50.3054 91.8056 -174.891 166.456 69.9975 73.571 -68.9246 -10.2827 -159.095 149.529 -155.736 159.722
BRD4-1_4o7f_A_Dih_V2.dat, 1 -55.5628 -50.6197 82.7656 -170.607 154.644 74.0041 74.3257 -71.1812 -11.3748 -158.493 152.624 -157.263 164.109
BRD4-1_4o7f_B_Dih_V2.dat, 1 -57.2256 -49.5988 85.0765 -173.51 164.305 74.2927 74.0673 -71.7507 -10.9219 -158.809 152.321 -160.168 163.628
BRD4-1_4ogi_A_Dih_V2.dat, 1 -56.7272 -50.2671 89.7965 -174.587 161.66 78.1743 76.4425 -67.0826 -15.0383 -158.334 152.701 -151.091 163.979
BRD4-1_4ogi_B_Dih_V2.dat, 1 -56.8994 -53.2149 90.1275 -175.745 168.006 79.5419 76.3038 -70.691 -13.1882 -154.21 155.358 -157.27 158.382
BRD4-1_4ogj_A_Dih_V2.dat, 1 -56.2253 -53.4888 86.8055 -172.892 169.409 62.6971 68.6872 -68.3153 -14.0715 -158.202 150.9 -155.965 161.863
BRD4-1_4ogj_B_Dih_V2.dat, 1 -55.4048 -50.6033 87.9803 -172.396 167.175 69.3306 72.2422 -69.3768 -8.14715 -157.275 152.611 -154.262 161.003
BRD4-1_4pce_A_Dih_V2.dat, 1 -57.0351 -49.2164 91.2171 -174.135 165.218 71.357 72.8101 -69.2715 -12.7723 -157.607 150.497 -160.92 160.854
BRD4-1_4pci_A_Dih_V2.dat, 1 -59.3446 -50.3597 91.2997 -175.408 165.505 78.7965 75.8936 -66.2156 -17.3969 -158.516 149.207 -159.732 162.854
BRD4-1_4ps5_A_Dih_V2.dat, 1 -57.3523 -50.8723 87.5246 -173.663 167.21 69.7676 73.1889 -68.339 -8.68324 -156.769 150.719 -153.608 160.378
BRD4-1_4ps5_B_Dih_V2.dat, 1 -57.9131 -51.0037 -103.839 -173.661 167.207 60.8953 66.6789 -69.9109 -11.4043 -159.287 147.794 -156.345 160.038
BRD4-1_4qb3_A_Dih_V2.dat, 1 -59.0649 -52.0416 91.1058 -175.894 164.577 73.1648 71.3202 -67.434 -13.0397 -158.621 150.822 -160.174 161.484
BRD4-1_4uix_A_Dih_V2.dat, 1 -55.1294 -50.6878 84.3138 -173.351 160.568 72.2539 71.0015 -71.2229 -9.47702 -157.628 149.666 -152.798 159.052
BRD4-1_4uix_B_Dih_V2.dat, 1 -54.9546 -51.7798 84.7726 -173.269 160.104 69.8869 71.3938 -70.951 -8.56013 -158.733 148.658 -155.378 159.995
BRD4-1_4uix_C_Dih_V2.dat, 1 -55.6839 -49.7882 80.8216 -172.803 160.904 70.6033 70.3525 -69.9303 -12.7406 -157.527 148.33 -150.029 160.978
BRD4-1_4uiy_A_Dih_V2.dat, 1 -55.767 -53.8139 93.4569 -173.68 166.323 75.0426 74.3076 -69.4866 -10.6921 -157.903 150.444 -156.565 162.076
BRD4-1_4uiz_A_Dih_V2.dat, 1 -57.8011 -54.2003 81.2841 -173.031 165.728 74.0365 73.4835 -66.8043 -13.8559 -156.837 151.746 -159.637 161.671
BRD4-1_4uyd_A_Dih_V2.dat, 1 -59.4896 -51.1324 82.6911 -174.922 166.981 75.405 74.6331 -67.3076 -13.2953 -155.389 150.715 -161.116 161.295
BRD4-1_4wiv_A_Dih_V2.dat, 1 -58.11 -50.3615 -106.529 -176.695 166.064 80.1575 77.5637 -66.2088 -14.8524 -154.743 148.317 -156.396 162.024
BRD4-1_4xy9_A_Dih_V2.dat, 1 -53.8997 -54.5913 91.7085 -171.188 165.53 76.716 72.8473 -72.2683 -4.69302 -159.505 149.647 -145.005 163.847
BRD4-1_4xya_A_Dih_V2.dat, 1 -54.5135 -52.575 94.287 -171.851 171.252 75.8461 73.6285 -67.9807 -10.1974 -157.22 151.02 -150.857 160.431
BRD4-1_4z1q_A_Dih_V2.dat, 1 -63.6182 -46.802 93.0332 -174.511 167.661 71.2318 71.5887 -68.3714 -18.8147 -158.186 148.86 -158.135 159.268
BRD4-1_4z1q_B_Dih_V2.dat, 1 -63.0352 -45.661 96.9092 -177.637 169.078 75.9082 75.8435 -68.3038 -18.0506 -159.592 147.43 -157.537 164.7
BRD4-1_4z1s_A_Dih_V2.dat, 1 -59.489 -47.2396 94.5295 -175.761 169.461 70.283 69.3707 -67.8917 -15.2813 -157.958 152.026 -157.845 163.529
BRD4-1_4z1s_B_Dih_V2.dat, 1 -54.8186 -52.7876 -98.0472 -173.565 166.972 68.5383 65.2093 -70.5837 -13.0183 -157.67 152.3 -156.633 164.163
BRD4-2_2yem_A_Dih_V2.dat, 1 -59.9315 -42.2335 84.0965 -165.829 158.06 75.8111 76.0316 -65.9436 -16.0171 -153.477 148.496 -130.566 162.143
BRD4-2_2yem_B_Dih_V2.dat, 1 -57.0618 -51.5603 76.8248 -169.22 162.548 77.0539 75.8086 -61.251 -18.0706 -154.885 150.732 -132.346 162.522
BRD9_4nqn_A_Dih_V2.dat, 1 -55.1398 -45.0463 96.1474 -171.63 166.696 82.6499 83.2531 -57.8022 -38.1556 -152.414 151.522 -138.39 164.643
BRD9_4uit_A_Dih_V2.dat, 1 -55.7346 -49.2439 99.8972 -168.734 163.127 83.3544 77.1262 -61.1904 -28.2265 -151.616 153.538 -139.139 159.37
BRD9_4uiu_A_Dih_V2.dat, 1 -57.0902 -47.0805 103.319 -173.767 163.902 76.782 75.8083 -59.4353 -29.0887 -152.277 152.554 -140.798 162.97
BRD9_4uiv_A_Dih_V2.dat, 1 -54.5257 -51.8515 96.9965 -165.534 156.566 86.1112 80.2449 -62.1794 -31.086 -148.791 150.936 -142.754 158.644
BRD9_4uiw_A_Dih_V2.dat, 1 -52.6078 -50.7035 100.181 -167.942 158.504 87.1453 84.2771 -59.9453 -29.9792 -153.176 153.648 -138.47 157.355
BRD9_4xy8_A_Dih_V2.dat, 1 -52.9142 -45.3273 96.5697 -166.391 161.996 86.8882 81.1306 -67.5767 -23.8453 -152.783 153.073 -149.29 165.698
BRD9_4z6h_A_Dih_V2.dat, 1 -50.6547 -47.1898 99.7812 -162.279 158.778 80.0135 82.4695 -55.3077 -37.5768 -155.619 153.054 -143.164 169.818
BRD9_4z6h_B_Dih_V2.dat, 1 -57.0815 -53.1673 90.3075 -164.106 160.667 87.1545 78.2824 -64.7024 -34.1292 -149.921 158.327 -137.061 171.504
BRDT-1_4kcx_A_Dih_V2.dat, 1 -54.3472 -49.7372 88.0057 -173.495 -177.498 64.682 -111.475 -64.6342 -16.2415 -153.783 148.957 -148.354 151.794
BRDT-1_4kcx_B_Dih_V2.dat, 1 -49.9509 -55.4011 81.6309 -171.067 179.728 55.7887 -110.907 -67.4372 -15.4478 -153.4 144.284 -152.314 151.157
BRPF1_4uye_A_Dih_V2.dat, 1 -59.6473 -41.9764 69.4165 -169.584 166.571 82.8077 78.5841 -99.1715 -21.2039 -150.281 152.04 -145.905 161.773
BRPF1_4uye_B_Dih_V2.dat, 1 -56.2193 -44.908 66.8166 -168.556 165.141 86.7063 82.0093 -99.9125 -20.9861 -149.132 153.24 -149.35 160.779
CREBBP_3p1c_A_Dih_V2.dat, 1 -56.7882 -48.6288 84.931 -172.395 161.009 80.6184 77.7247 -71.2658 -6.93644 -157.869 146.77 -152.525 156.005
CREBBP_3p1c_B_Dih_V2.dat, 1 -54.8367 -57.3848 85.3766 -175.047 165.205 73.5492 70.8546 -73.1902 -6.15766 -159.859 141.486 -131.078 147.645
CREBBP_3p1d_A_Dih_V2.dat, 1 -64.8871 -46.2726 86.557 -176.504 164.162 83.8714 79.4702 -72.6019 -5.42329 -153.445 152.164 -151.094 159.486
CREBBP_3p1d_B_Dih_V2.dat, 1 -56.5865 -53.7193 93.9905 -175.167 163.43 71.7269 77.8589 -68.0993 -9.0263 -158.766 144.441 -131.859 154.06
CREBBP_3p1e_A_Dih_V2.dat, 1 -59.6212 -52.2259 85.5985 -174.837 165.197 84.8531 -99.2543 -69.0415 -8.59427 -155.611 144.471 -149.434 157.817
CREBBP_3p1e_B_Dih_V2.dat, 1 -55.7521 -54.0783 87.8401 -173.118 169.988 72.262 -107.363 -64.5175 -9.47324 -151.783 143.501 -126.587 143.991
CREBBP_3p1f_A_Dih_V2.dat, 1 -59.1342 -48.3772 90.3619 179.695 164.865 84.1194 79.7959 -67.0892 -11.6346 -152.572 149.363 -145.385 160.486
CREBBP_3p1f_B_Dih_V2.dat, 1 -48.0694 -52.3373 83.2848 -173.516 160.864 84.2395 78.2112 -68.4263 -9.08136 -157.29 149.469 -147.128 160.065
CREBBP_3svh_A_Dih_V2.dat, 1 -49.764 -58.0297 84.86 -173.077 162.061 83.6016 77.239 -67.4148 -12.2593 -156.874 146.568 -144.708 162.004
CREBBP_3svh_B_Dih_V2.dat, 1 -48.0802 -60.7979 80.0184 -175.293 162.397 84.7897 -94.0065 -70.9929 -13.3909 -155.053 147.949 -142.997 159.764
CREBBP_4a9k_A_Dih_V2.dat, 1 -58.2298 -50.7341 84.5268 -173.955 166.5 80.7815 79.4069 -67.7843 -10.3414 -151.833 149.376 -152.885 157.351
CREBBP_4a9k_B_Dih_V2.dat, 1 -65.7773 -51.7304 87.1358 -173.7 165.973 79.1336 74.6988 -66.0751 -13.8908 -151.377 143.759 -130.272 145.026
CREBBP_4nr4_A_Dih_V2.dat, 1 -59.478 -52.6512 -106.454 -176.545 161.947 84.6434 78.322 -69.5648 -14.9852 -157.172 149.025 -148.349 158.719
CREBBP_4nr4_B_Dih_V2.dat, 1 -56.2079 -52.7911 -111.848 -177.949 162.464 84.7796 78.9976 -66.6749 -17.5024 -158.076 148.791 -150.752 160.904
CREBBP_4nr5_A_Dih_V2.dat, 1 -55.6821 -49.5203 87.9781 -177.076 168.444 82.9497 75.3877 -67.5825 -14.0029 -153.444 151.189 -130.051 161.043
CREBBP_4nr6_A_Dih_V2.dat, 1 -56.6309 -52.8898 84.8836 -175.748 163.056 83.1815 76.3743 -68.6059 -10.5181 -155.746 148.901 -136.631 166.16
CREBBP_4nr7_A_Dih_V2.dat, 1 -56.0754 -51.3707 85.743 -175.63 163.481 86.7547 78.4365 -69.9274 -12.2712 -155.861 149.597 -141.291 158.966
CREBBP_4nyv_A_Dih_V2.dat, 1 -57.8612 -53.764 91.6926 -175.051 160.622 78.3042 78.2511 -71.4537 -5.75929 -157.253 149.631 -137.698 159.298
CREBBP_4nyv_B_Dih_V2.dat, 1 -49.0682 -53.3973 85.7723 -168.489 159.229 83.1261 76.4685 -65.1856 -8.20133 -156.867 146.679 -132.519 156.533
CREBBP_4nyv_C_Dih_V2.dat, 1 -60.2612 -48.0509 92.5553 -178.995 162.169 89.5758 -97.1347 -71.873 -9.92914 -159.566 147.244 -136.337 159.913
CREBBP_4nyv_D_Dih_V2.dat, 1 -51.8345 -51.1649 89.7609 -172.79 166.357 85.3748 -99.6247 -73.2702 -3.71931 -154.792 146.605 -132.362 157.117
CREBBP_4nyw_A_Dih_V2.dat, 1 -54.2922 -51.5295 88.2815 -172.736 164.628 86.436 74.6492 -69.3328 -8.00496 -157.894 142.48 -146.367 160.729
PB5_3mb4_A_Dih_V2.dat, 1 -56.0467 -50.0863 98.7417 -172.287 164.131 43.7398 70.2643 -88.92 0.430238 -147.257 135.493 -141.431 126.73
PB5_3mb4_B_Dih_V2.dat, 1 -62.5138 -48.5304 98.8902 -173.783 166.213 49.3422 74.5351 -72.6682 -18.5701 -141.783 135.314 -156.943 124.806
PB5_4q0n_A_Dih_V2.dat, 1 -59.2453 -51.4536 -108.68 -167.891 163.625 83.0671 79.0348 -62.1467 -31.1305 -147.558 140.348 -142.058 122.82
PB5_4q0n_B_Dih_V2.dat, 1 -62.5914 -50.7234 -115.67 -168.113 167.08 82.2388 73.5711 -74.1162 -29.9069 -152.018 137.451 -151.657 118.823
PB5_4q0n_C_Dih_V2.dat, 1 -64.232 -49.4792 -106.14 -171.429 166.958 88.8318 79.1082 -64.6884 -29.2803 -155.366 137.673 -137.091 109.997
PB5_4q0n_D_Dih_V2.dat, 1 -59.3276 -48.8831 -108.509 -172.272 161.338 84.472 75.7028 -70.6959 -21.9374 -153.656 139.095 -140.262 122.688
PB5_4q0n_E_Dih_V2.dat, 1 -63.3782 -49.6894 -106.259 -172.553 163.318 86.4359 74.7434 -62.4268 -29.6449 -149.828 140.177 -145.024 125.814
PB5_4q0n_F_Dih_V2.dat, 1 -60.7036 -54.3569 -112.896 -165.296 167.856 84.6987 74.6316 -67.0029 -29.5849 -145.427 138.132 -147.071 117.079
PB5_4q0n_G_Dih_V2.dat, 1 -59.646 -46.324 -111.521 -170.97 163.419 85.0268 73.3636 -66.0234 -24.3119 -145.773 139.722 -150.503 128.22
PB5_4q0n_H_Dih_V2.dat, 1 -58.212 -53.3476 -111.898 -167.364 167.655 77.5788 75.4548 -73.478 -26.3249 -150.049 138.072 -148.794 120.61
PB5_4q0o_A_Dih_V2.dat, 1 -65.7066 -49.6587 112.535 -164.972 163.778 -100.594 72.7237 -77.2154 -14.614 -145.972 139.464 -138.529 115.789
PB5_4y03_A_Dih_V2.dat, 1 -65.0739 -57.272 111.055 -166.94 164.157 -98.9629 76.3109 -78.4722 -14.6951 -147.3 139.092 -149.336 116.711
PB5_4y03_B_Dih_V2.dat, 1 -57.0996 -48.4925 106.896 -165.593 167.563 66.777 -105.477 -78.716 -8.92586 -144.818 139.094 -147.637 117.336
